N°Pt	SN	T	X	Y	Z	P	Alt	Azi	Twi
0	1	1199,876	20284	22868	1023	0	550	1120	0
1	2	1199,881	20335	22990	994	0	560	1130	0
2	3	1199,886	20366	23049	970	0	560	1130	0
3	4	1199,891	20397	23107	946	0	560	1130	0
4	5	1199,896	20428	23161	934	0	560	1130	0
5	6	1199,901	20459	23214	922	0	570	1140	0
6	7	1199,906	20489	23267	910	0	570	1140	0
7	8	1199,911	20519	23320	898	0	570	1140	0
8	9	1199,916	20549	23371	886	0	580	1150	0
9	10	1199,921	20610	23474	862	0	580	1130	0
10	11	1199,926	20671	23572	850	0	590	1140	0
11	12	1199,931	20732	23665	826	0	600	1150	0
12	13	1199,936	20795	23756	814	0	600	1130	0
13	14	1199,941	20859	23840	790	0	610	1130	0
14	15	1199,946	20926	23919	766	0	620	1140	0
15	16	1199,951	20996	23992	730	0	630	1130	0
16	17	1199,956	21067	24061	694	0	640	1120	0
17	18	1199,961	21142	24125	653	0	650	1130	0
18	19	1199,966	21218	24186	605	0	670	1110	0
19	20	1199,971	21293	24244	557	0	680	1100	0
20	21	1199,976	21362	24294	509	0	690	1110	0
21	22	1199,981	21420	24340	0	0	700	1100	0
22	23	1199,986	21469	24378	0	0	710	1080	0
23	24	1199,991	21507	24410	0	0	720	1090	0
24	25	1199,941	21534	24436	0	386	720	1060	0
25	26	1199,946	21550	24458	0	436	730	1070	0
26	27	1199,951	21555	24476	0	439	740	1080	0
27	28	1199,956	21555	24489	0	403	740	1080	0
28	29	1199,961	21555	24503	0	356	750	1090	0
29	30	1199,966	21550	24518	0	361	750	1090	0
30	31	1199,971	21534	24534	0	376	750	1130	0
31	32	1199,976	21511	24552	0	379	750	1130	0
32	33	1199,981	21484	24570	0	368	750	1130	0
33	34	1199,986	21448	24587	0	336	750	1130	0
34	35	1199,991	21400	24600	0	258	750	1130	0
35	36	1199,996	21342	24605	0	250	740	1160	0
36	37	1200,001	21270	24605	0	267	740	1160	0
37	38	1200,006	21183	24600	0	320	740	1160	0
38	39	1200,011	21081	24568	0	298	740	1160	0
39	40	1200,016	20967	24520	0	352	740	1160	0
40	41	1200,021	20841	24458	0	403	740	1160	0
41	42	1200,026	20710	24383	0	394	740	1160	0
42	43	1200,031	20578	24298	0	460	740	1160	0
43	44	1200,036	20451	24208	0	498	740	1160	0
44	45	1200,041	20335	24114	0	459	740	1160	0
45	46	1200,046	20232	24019	0	510	740	1160	0
46	47	1200,051	20149	23927	0	497	740	1160	0
47	48	1200,056	20086	23840	0	504	740	1110	0
48	49	1200,061	20046	23756	0	487	740	1110	0
49	50	1200,066	20029	23675	0	480	740	1110	0
50	51	1200,071	20029	23598	0	465	740	1110	0
51	52	1200,076	20045	23525	0	444	740	1080	0
52	53	1200,081	20098	23460	0	402	740	1080	0
53	54	1200,086	20177	23400	0	385	740	1080	0
54	55	1200,091	20281	23347	0	366	730	1070	0
55	56	1200,096	20409	23301	0	371	730	1070	0
56	57	1200,101	20560	23264	0	334	730	1070	0
57	58	1200,106	20733	23237	0	361	730	1070	0
58	59	1200,111	20927	23220	0	365	740	1110	0
59	60	1200,116	21137	23210	0	341	740	1110	0
60	61	1200,121	21358	23206	0	323	740	1110	0
61	62	1200,126	21586	23205	0	333	740	1110	0
62	63	1200,131	21816	23205	0	350	740	1150	0
63	64	1200,136	22045	23205	0	316	740	1160	0
64	65	1200,141	22268	23205	0	292	740	1160	0
65	66	1200,146	22481	23200	0	297	740	1190	0
66	67	1200,151	22682	23186	0	291	750	1210	0
67	68	1200,156	22864	23163	0	316	740	1240	0
68	69	1200,161	23031	23129	0	321	740	1240	0
69	70	1200,166	23178	23085	0	341	740	1240	0
70	71	1200,171	23306	23029	0	368	750	1270	0
71	72	1200,176	23412	22961	0	386	750	1270	0
72	73	1200,181	23497	22883	0	391	750	1270	0
73	74	1200,186	23561	22795	0	420	770	1260	0
74	75	1200,191	23604	22698	0	424	770	1260	0
75	76	1200,196	23624	22592	0	468	770	1260	0
76	77	1200,201	23624	22474	0	508	770	1220	0
77	78	1200,206	23616	22344	0	536	770	1220	0
78	79	1200,211	23567	22203	0	598	780	1210	0
79	80	1200,216	23494	22049	0	634	780	1210	0
80	81	1200,221	23394	21880	0	656	790	1160	0
81	82	1200,226	23266	21695	0	684	790	1160	0
82	83	1200,231	23111	21497	0	712	790	1120	0
83	84	1200,236	22929	21287	0	703	800	1070	0
84	85	1200,241	22721	21074	0	740	800	1070	0
85	86	1200,246	22490	20857	0	790	800	1010	0
86	87	1200,251	22237	20639	0	840	800	1010	0
87	88	1200,256	21968	20423	0	831	800	960	0
88	89	1200,261	21689	20215	0	783	800	960	0
89	90	1200,266	21406	20018	0	921	800	900	0
90	91	1200,271	21125	19835	0	810	800	900	0
91	92	1200,276	20852	19672	0	855	790	900	0
92	93	1200,281	20591	19527	0	784	790	900	0
93	94	1200,286	20349	19407	0	888	790	900	0
94	95	1200,291	20134	19309	0	805	790	900	0
95	96	1200,296	19944	19236	0	752	790	900	0
96	97	1200,301	19782	19186	0	700	790	900	0
97	98	1200,306	19652	19162	0	675	790	900	0
98	99	1200,311	19552	19162	0	594	780	900	0
99	100	1200,316	19482	19162	0	458	780	900	0
100	101	1200,321	19444	19200	0	299	780	900	0
101	102	1200,326	19435	19254	36	56	780	900	0
102	103	1200,331	19435	19254	40	0	780	900	0
103	104	1200,336	19472	19406	80	0	790	900	0
104	105	1200,341	19536	19499	184	0	790	900	0
105	106	1200,346	19623	19600	288	0	790	900	0
106	107	1200,351	19730	19707	417	0	790	900	0
107	108	1200,356	19857	19817	541	0	790	900	0
108	109	1200,361	19857	19817	665	0	790	900	0
109	110	1200,398	19857	19817	790	0	790	900	0
110	111	1200,494	26521	23342	1023	0	430	1330	0
111	112	1200,499	26528	23403	1023	0	440	1330	0
112	113	1200,504	26529	23429	1023	0	440	1330	0
113	114	1200,509	26529	23455	1023	0	440	1330	0
114	115	1200,514	26529	23482	1023	0	450	1320	0
115	116	1200,519	26528	23508	1023	0	450	1310	0
116	117	1200,524	26517	23534	1023	0	460	1300	0
117	118	1200,529	26506	23563	1023	0	460	1290	0
118	119	1200,534	26494	23594	1006	0	470	1260	0
119	120	1200,539	26484	23655	1006	0	480	1240	0
120	121	1200,544	26475	23720	1006	0	490	1210	0
121	122	1200,549	26466	23791	994	0	490	1180	0
122	123	1200,554	26457	23867	994	0	500	1150	0
123	124	1200,559	26450	23950	978	0	510	1110	0
124	125	1200,564	26443	24038	966	0	510	1080	0
125	126	1200,569	26437	24128	950	0	510	1050	0
126	127	1200,574	26433	24221	938	0	510	1030	0
127	128	1200,579	26431	24318	922	0	520	1000	0
128	129	1200,584	26430	24418	910	0	520	980	0
129	130	1200,589	26417	24523	882	0	520	960	0
130	131	1200,594	26409	24632	854	0	530	940	0
131	132	1200,599	26409	24747	826	0	530	940	0
132	133	1200,604	26409	24868	782	0	530	940	0
133	134	1200,609	26424	24995	742	0	530	940	0
134	135	1200,614	26463	25126	698	0	540	950	0
135	136	1200,619	26518	25259	641	0	540	970	0
136	137	1200,624	26591	25392	585	0	550	1000	0
137	138	1200,629	26682	25522	529	0	550	1020	0
138	139	1200,634	26789	25646	473	0	560	1050	0
139	140	1200,639	26871	25762	417	0	570	1070	0
140	141	1200,644	26958	25867	349	0	580	1080	0
141	142	1200,649	27051	25961	292	0	580	1100	0
142	143	1200,654	27146	26046	220	0	600	1120	0
143	144	1200,659	27243	26118	164	0	610	1130	0
144	145	1200,664	27336	26177	108	0	620	1140	0
145	146	1200,669	27424	26191	52	0	640	1160	0
146	147	1200,674	27505	26250	0	0	650	1170	0
147	148	1200,679	27575	26264	0	0	650	1180	0
148	149	1200,684	27635	26264	0	0	680	1180	0
149	150	1200,693	27685	26259	0	35	680	1190	0
150	151	1200,698	27724	26208	0	190	700	1180	0
151	152	1200,703	27749	26132	0	190	710	1170	0
152	153	1200,708	27763	26029	0	231	720	1160	0
153	154	1200,713	27767	25901	0	249	730	1130	0
154	155	1200,718	27767	25745	0	314	740	1150	0
155	156	1200,723	27763	25557	0	369	740	1160	0
156	157	1200,728	27733	25339	0	430	750	1130	0
157	158	1200,733	27687	25095	0	503	750	1130	0
158	159	1200,738	27627	24828	0	536	750	1130	0
159	160	1200,743	27555	24537	0	581	750	1130	0
160	161	1200,748	27474	24232	0	591	750	1090	0
161	162	1200,753	27385	23917	0	616	750	1090	0
162	163	1200,758	27290	23599	0	705	750	1060	0
163	164	1200,763	27190	23286	0	723	750	1060	0
164	165	1200,768	27090	22981	0	721	760	1020	0
165	166	1200,773	26994	22693	0	739	760	1020	0
166	167	1200,778	26902	22428	0	762	760	980	0
167	168	1200,783	26816	22194	0	797	760	980	0
168	169	1200,788	26737	21988	0	771	760	940	0
169	170	1200,793	26666	21811	0	744	760	940	0
170	171	1200,798	26606	21665	0	755	760	900	0
171	172	1200,803	26558	21548	0	732	760	900	0
172	173	1200,808	26521	21464	0	726	760	900	0
173	174	1200,813	26492	21409	0	708	750	900	0
174	175	1200,818	26473	21383	0	696	750	900	0
175	176	1200,823	26460	21383	0	662	750	860	0
176	177	1200,828	26454	21407	0	562	750	860	0
177	178	1200,833	26452	21488	0	456	750	860	0
178	179	1200,838	26452	21609	0	385	740	830	0
179	180	1200,843	26452	21769	0	333	740	830	0
180	181	1200,848	26452	21967	0	231	740	830	0
181	182	1200,853	26452	22203	0	95	740	830	0
182	183	1200,858	26466	22473	0	37	740	830	0
183	184	1200,863	26466	22473	0	0	740	830	0
184	185	1200,868	26521	23084	0	0	730	830	0
185	186	1200,873	26563	23402	0	0	730	870	0
186	187	1200,878	26616	23721	0	0	730	870	0
187	188	1200,883	26678	24036	0	0	730	900	0
188	189	1200,888	26748	24344	0	0	730	900	0
189	190	1200,893	26826	24641	0	0	730	900	0
190	191	1200,898	26905	24919	0	0	720	900	0
191	192	1200,903	26985	25173	0	0	720	900	0
192	193	1200,908	27064	25405	0	0	720	930	0
193	194	1200,913	27141	25614	0	0	720	930	0
194	195	1200,917	27211	25800	0	160	720	960	0
195	196	1200,922	27276	25962	0	188	720	990	0
196	197	1200,927	27333	26098	0	281	720	990	0
197	198	1200,932	27381	26207	0	294	730	1030	0
198	199	1200,937	27424	26292	0	348	720	1060	0
199	200	1200,941	27463	26358	0	340	720	1060	0
200	201	1200,946	27495	26404	0	427	720	1060	0
201	202	1200,951	27524	26429	0	432	720	1090	0
202	203	1200,956	27548	26437	0	460	720	1090	0
203	204	1200,961	27574	26437	0	479	730	1100	0
204	205	1200,966	27601	26401	0	510	730	1130	0
205	206	1200,971	27630	26339	0	557	730	1130	0
206	207	1200,976	27664	26251	0	574	730	1130	0
207	208	1200,981	27704	26132	0	622	730	1130	0
208	209	1200,986	27749	25983	36	643	740	1150	0
209	210	1200,991	27794	25810	0	695	740	1110	0
210	211	1200,996	27845	25615	0	725	740	1110	0
211	212	1201,001	27900	25401	0	796	740	1110	0
212	213	1201,006	27958	25171	0	812	740	1110	0
213	214	1201,011	28018	24926	0	811	740	1110	0
214	215	1201,016	28077	24671	0	841	750	1090	0
215	216	1201,021	28138	24418	0	857	750	1090	0
216	217	1201,026	28200	24166	0	864	750	1060	0
217	218	1201,031	28264	23923	0	867	750	1060	0
218	219	1201,036	28329	23689	0	873	760	1020	0
219	220	1201,041	28391	23471	0	857	770	1030	0
220	221	1201,046	28448	23276	0	823	770	990	0
221	222	1201,051	28501	23109	0	824	770	990	0
222	223	1201,056	28550	22971	0	780	770	940	0
223	224	1201,061	28590	22861	0	755	770	940	0
224	225	1201,066	28624	22780	0	744	760	900	0
225	226	1201,071	28650	22720	0	730	760	900	0
226	227	1201,076	28668	22680	0	690	760	900	0
227	228	1201,081	28675	22661	0	609	760	900	0
228	229	1201,086	28675	22661	0	495	760	900	0
229	230	1201,091	28671	22662	0	373	750	900	0
230	231	1201,096	28637	22701	0	220	750	900	0
231	232	1201,101	28587	22757	0	96	750	900	0
232	233	1201,106	28520	22830	24	9	750	900	0
233	234	1201,111	28520	22830	0	0	740	900	0
234	235	1201,116	28327	23011	40	0	740	900	0
235	236	1201,121	28206	23110	68	0	740	900	0
236	237	1201,126	28075	23205	96	0	740	900	0
237	238	1201,131	27938	23294	108	0	740	900	0
238	239	1201,136	27798	23372	124	0	740	900	0
239	240	1201,141	27661	23437	136	0	740	900	0
240	241	1201,146	27528	23492	136	0	740	900	0
241	242	1201,151	27408	23533	124	0	740	900	0
242	243	1201,156	27302	23542	108	0	740	900	0
243	244	1201,161	27210	23581	80	0	740	900	0
244	245	1201,166	27134	23594	0	0	750	900	0
245	246	1201,171	27072	23600	0	0	750	900	0
246	247	1201,176	27022	23603	0	0	750	900	0
247	248	1201,181	26984	23604	0	157	750	900	0
248	249	1201,186	26958	23604	0	590	750	900	0
249	250	1201,19	26941	23604	0	631	750	900	0
250	251	1201,195	26930	23604	0	652	750	900	0
251	252	1201,2	26925	23604	0	666	750	900	0
252	253	1201,205	26924	23604	0	663	750	900	0
253	254	1201,21	26924	23604	0	664	750	860	0
254	255	1201,215	26929	23604	0	676	750	860	0
255	256	1201,22	26953	23600	0	691	750	860	0
256	257	1201,225	26986	23594	0	721	740	870	0
257	258	1201,23	27026	23587	0	752	740	870	0
258	259	1201,235	27074	23580	0	789	740	830	0
259	260	1201,24	27131	23575	0	813	740	830	0
260	261	1201,245	27196	23572	0	835	740	830	0
261	262	1201,25	27267	23572	0	852	750	830	0
262	263	1201,255	27342	23572	0	861	750	830	0
263	264	1201,26	27422	23575	0	861	750	830	0
264	265	1201,265	27505	23595	0	860	750	830	0
265	266	1201,27	27590	23622	0	846	750	830	0
266	267	1201,275	27678	23656	0	830	750	830	0
267	268	1201,28	27764	23695	0	789	760	820	0
268	269	1201,285	27847	23738	0	704	760	820	0
269	270	1201,29	27924	23786	0	611	760	860	0
270	271	1201,295	27991	23835	0	508	760	860	0
271	272	1201,3	28045	23886	24	302	770	860	0
272	273	1201,305	28080	23933	24	89	770	860	0
273	274	1201,31	28080	23933	56	0	770	860	0
274	275	1201,315	28093	24010	124	0	780	850	0
275	276	1201,32	28084	24041	80	0	780	850	0
276	277	1201,325	28047	24069	192	0	790	850	0
277	278	1201,33	28047	24069	288	0	790	850	0
278	279	1201,594	28703	26619	858	0	430	1260	0
279	280	1201,599	28703	26648	858	0	430	1260	0
280	281	1201,604	28703	26656	858	0	430	1260	0
281	282	1201,609	28703	26658	858	0	430	1260	0
282	283	1201,614	28705	26658	858	0	430	1260	0
283	284	1201,619	28716	26658	858	0	430	1260	0
284	285	1201,624	28727	26650	874	0	430	1260	0
285	286	1201,629	28739	26636	874	0	430	1260	0
286	287	1201,634	28753	26619	890	0	430	1260	0
287	288	1201,639	28776	26596	922	0	430	1260	0
288	289	1201,644	28807	26566	938	0	430	1260	0
289	290	1201,649	28844	26530	954	0	430	1260	0
290	291	1201,654	28885	26495	970	0	440	1260	0
291	292	1201,659	28932	26458	986	0	440	1260	0
292	293	1201,664	28985	26423	1002	0	440	1260	0
293	294	1201,669	29043	26389	1002	0	440	1260	0
294	295	1201,674	29105	26389	1023	0	440	1250	0
295	296	1201,679	29173	26341	1023	0	450	1250	0
296	297	1201,684	29244	26341	1023	0	450	1250	0
297	298	1201,689	29318	26294	1023	0	460	1250	0
298	299	1201,694	29395	26246	1023	0	470	1240	0
299	300	1201,699	29473	26198	1023	0	470	1250	0
300	301	1201,704	29551	26163	1023	0	480	1250	0
301	302	1201,709	29626	26124	1023	0	500	1250	0
302	303	1201,714	29700	26082	1023	0	510	1250	0
303	304	1201,719	29770	26035	1002	0	530	1250	0
304	305	1201,724	29836	25985	1002	0	540	1250	0
305	306	1201,729	29895	25933	986	0	550	1250	0
306	307	1201,734	29946	25879	954	0	570	1260	0
307	308	1201,739	29993	25825	922	0	580	1260	0
308	309	1201,744	30034	25770	890	0	590	1250	0
309	310	1201,749	30071	25716	826	0	610	1260	0
310	311	1201,754	30071	25665	762	0	620	1260	0
311	312	1201,759	30117	25616	698	0	630	1270	0
312	313	1201,764	30159	25569	629	0	650	1300	0
313	314	1201,769	30159	25524	549	0	650	1320	0
314	315	1201,774	30193	25481	485	0	650	1350	0
315	316	1201,779	30193	25438	437	0	660	1370	0
316	317	1201,784	30193	25396	389	0	650	1380	0
317	318	1201,788	30193	25355	357	0	660	1400	0
318	319	1201,793	30193	25314	320	0	660	1440	0
319	320	1201,798	30207	25272	304	0	650	1450	0
320	321	1201,803	30228	25230	288	0	650	1480	0
321	322	1201,808	30235	25189	288	0	650	1480	0
322	323	1201,813	30245	25149	272	0	640	1500	0
323	324	1201,818	30245	25111	256	0	630	1510	0
324	325	1201,823	30245	25076	224	0	630	1510	0
325	326	1201,828	30245	25044	208	0	620	1520	0
326	327	1201,833	30245	25015	176	0	620	1520	0
327	328	1201,838	30244	24990	144	0	620	1520	0
328	329	1201,843	30230	24971	96	0	630	1510	0
329	330	1201,848	30216	24966	48	0	630	1510	0
330	331	1201,853	30201	24954	0	0	640	1500	0
331	332	1201,858	30189	24940	0	0	640	1500	0
332	333	1201,863	30176	24939	0	0	650	1480	0
333	334	1201,868	30161	24939	0	0	650	1450	0
334	335	1201,873	30145	24939	0	0	650	1450	0
335	336	1201,878	30129	24946	0	0	660	1440	0
336	337	1201,883	30113	24966	0	0	650	1420	0
337	338	1201,888	30097	24991	0	0	660	1400	0
338	339	1201,893	30082	25022	0	0	660	1400	0
339	340	1201,898	30067	25061	0	0	660	1370	0
340	341	1201,903	30053	25106	0	0	660	1370	0
341	342	1201,908	30039	25159	0	0	660	1370	0
342	343	1201,913	30025	25218	0	0	650	1350	0
343	344	1201,918	30009	25286	0	0	650	1350	0
344	345	1201,923	29993	25359	0	0	650	1350	0
345	346	1201,928	29975	25438	0	0	660	1330	0
346	347	1201,933	29956	25519	0	0	650	1320	0
347	348	1201,941	29936	25602	0	25	650	1320	0
348	349	1201,946	29917	25682	0	96	650	1320	0
349	350	1201,951	29900	25761	0	144	650	1300	0
350	351	1201,956	29885	25834	0	159	650	1300	0
351	352	1201,961	29873	25899	0	178	650	1300	0
352	353	1201,966	29865	25956	0	210	650	1300	0
353	354	1201,971	29859	26002	0	271	650	1280	0
354	355	1201,976	29855	26038	0	297	640	1270	0
355	356	1201,981	29854	26065	0	328	640	1270	0
356	357	1201,986	29854	26084	0	352	640	1270	0
357	358	1201,991	29854	26095	0	398	640	1270	0
358	359	1201,996	29854	26099	0	431	640	1270	0
359	360	1202,001	29854	26099	0	452	640	1270	0
360	361	1202,006	29854	26099	0	464	640	1250	0
361	362	1202,011	29854	26077	0	476	640	1250	0
362	363	1202,016	29856	26036	0	482	640	1250	0
363	364	1202,021	29865	25976	0	490	640	1250	0
364	365	1202,026	29873	25891	0	509	640	1250	0
365	366	1202,031	29884	25788	0	544	640	1250	0
366	367	1202,036	29897	25663	0	565	640	1250	0
367	368	1202,041	29911	25512	0	591	640	1250	0
368	369	1202,046	29928	25334	0	626	640	1250	0
369	370	1202,051	29945	25127	0	638	640	1250	0
370	371	1202,056	29967	24894	0	660	640	1240	0
371	372	1202,061	29994	24645	0	670	640	1240	0
372	373	1202,066	30028	24384	0	678	650	1250	0
373	374	1202,071	30072	24115	0	676	650	1250	0
374	375	1202,076	30122	23841	0	683	650	1230	0
375	376	1202,081	30179	23578	0	672	650	1230	0
376	377	1202,086	30241	23335	0	674	650	1230	0
377	378	1202,091	30305	23120	0	669	660	1210	0
378	379	1202,096	30370	22938	0	673	660	1210	0
379	380	1202,101	30433	22790	0	660	660	1190	0
380	381	1202,106	30492	22675	0	657	660	1190	0
381	382	1202,111	30544	22589	0	664	660	1160	0
382	383	1202,116	30589	22532	0	664	660	1160	0
383	384	1202,121	30627	22500	0	665	660	1140	0
384	385	1202,126	30664	22493	0	666	660	1140	0
385	386	1202,131	30700	22493	0	673	670	1110	0
386	387	1202,136	30737	22540	0	674	670	1110	0
387	388	1202,141	30776	22615	0	676	670	1090	0
388	389	1202,145	30820	22720	0	679	670	1090	0
389	390	1202,15	30867	22859	0	691	660	1080	0
390	391	1202,155	30920	23031	0	680	660	1080	0
391	392	1202,16	30979	23232	0	701	660	1080	0
392	393	1202,165	31041	23457	0	694	670	1090	0
393	394	1202,17	31105	23701	0	684	670	1090	0
394	395	1202,175	31174	23955	0	698	670	1090	0
395	396	1202,18	31247	24214	0	701	670	1090	0
396	397	1202,185	31320	24470	0	699	670	1090	0
397	398	1202,19	31396	24713	0	710	670	1090	0
398	399	1202,195	31472	24939	0	721	680	1100	0
399	400	1202,2	31545	25149	0	717	670	1120	0
400	401	1202,205	31616	25343	0	727	670	1120	0
401	402	1202,21	31683	25519	0	734	670	1120	0
402	403	1202,215	31744	25677	0	723	670	1150	0
403	404	1202,22	31800	25821	0	722	670	1150	0
404	405	1202,225	31849	25950	0	702	670	1170	0
405	406	1202,23	31890	26067	0	686	670	1170	0
406	407	1202,235	31923	26173	0	650	670	1170	0
407	408	1202,24	31950	26265	0	648	660	1190	0
408	409	1202,245	31971	26345	0	609	660	1190	0
409	410	1202,25	31987	26413	0	559	660	1210	0
410	411	1202,255	31998	26469	0	535	660	1210	0
411	412	1202,26	32006	26512	0	450	660	1210	0
412	413	1202,265	32012	26544	0	423	650	1230	0
413	414	1202,27	32016	26569	0	356	660	1240	0
414	415	1202,275	32020	26588	0	279	660	1240	0
415	416	1202,28	32021	26601	0	167	660	1260	0
416	417	1202,285	32021	26610	0	45	660	1260	0
417	418	1202,29	32021	26610	24	0	660	1260	0
418	419	1202,295	32021	26617	72	0	660	1260	0
419	420	1202,3	32013	26617	120	0	650	1280	0
420	421	1202,305	32001	26617	192	0	660	1300	0
421	422	1202,31	31987	26617	264	0	660	1300	0
422	423	1202,315	31987	26609	341	0	650	1320	0
423	424	1202,32	31987	26586	425	0	650	1320	0
424	425	1202,325	31987	26586	497	0	650	1320	0
425	426	1202,37	31987	26586	569	0	650	1320	0
426	427	1202,514	34970	24172	970	0	490	1000	0
427	428	1202,519	34965	24143	946	0	500	1000	0
428	429	1202,524	34951	24132	922	0	500	1000	0
429	430	1202,529	34936	24127	898	0	500	1000	0
430	431	1202,534	34919	24125	874	0	500	1000	0
431	432	1202,539	34902	24124	850	0	500	1000	0
432	433	1202,544	34885	24124	826	0	500	1000	0
433	434	1202,549	34868	24124	814	0	510	1000	0
434	435	1202,554	34852	24124	766	0	510	1000	0
435	436	1202,559	34821	24124	730	0	510	1000	0
436	437	1202,564	34792	24130	694	0	510	1000	0
437	438	1202,569	34792	24134	665	0	510	1000	0
438	439	1202,574	34792	24140	641	0	520	1000	0
439	440	1202,579	34792	24154	617	0	520	1000	0
440	441	1202,584	34784	24175	593	0	520	1000	0
441	442	1202,589	34776	24200	569	0	520	1000	0
442	443	1202,594	34768	24200	557	0	530	1010	0
443	444	1202,599	34761	24200	545	0	530	1010	0
444	445	1202,604	34754	24200	533	0	530	1010	0
445	446	1202,609	34747	24200	521	0	530	1010	0
446	447	1202,614	34741	24200	509	0	530	1010	0
447	448	1202,619	34712	24204	509	0	530	1010	0
448	449	1202,624	34697	24215	497	0	530	1010	0
449	450	1202,629	34683	24225	485	0	530	1010	0
450	451	1202,634	34672	24237	485	0	540	1030	0
451	452	1202,639	34662	24254	473	0	540	1030	0
452	453	1202,644	34655	24258	473	0	540	1030	0
453	454	1202,649	34649	24267	461	0	540	1030	0
454	455	1202,654	34642	24281	449	0	540	1030	0
455	456	1202,659	34639	24289	449	0	540	1030	0
456	457	1202,664	34638	24295	437	0	540	1030	0
457	458	1202,669	34636	24299	437	0	540	1040	0
458	459	1202,674	34636	24303	425	0	550	1050	0
459	460	1202,679	34635	24308	425	0	550	1050	0
460	461	1202,684	34635	24311	413	0	550	1050	0
461	462	1202,689	34635	24314	413	0	550	1050	0
462	463	1202,694	34635	24317	413	0	550	1050	0
463	464	1202,699	34635	24320	413	0	550	1050	0
464	465	1202,704	34635	24323	401	0	550	1050	0
465	466	1202,709	34635	24325	401	0	550	1050	0
466	467	1202,714	34638	24329	401	0	550	1050	0
467	468	1202,719	34643	24332	401	0	560	1070	0
468	469	1202,724	34647	24336	389	0	560	1070	0
469	470	1202,729	34652	24342	389	0	560	1070	0
470	471	1202,734	34655	24350	377	0	560	1070	0
471	472	1202,739	34660	24364	377	0	560	1070	0
472	473	1202,744	34663	24381	365	0	560	1070	0
473	474	1202,749	34665	24404	365	0	570	1070	0
474	475	1202,754	34666	24434	353	0	570	1070	0
475	476	1202,759	34667	24472	353	0	570	1070	0
476	477	1202,764	34667	24517	341	0	570	1070	0
477	478	1202,769	34668	24554	341	0	570	1070	0
478	479	1202,774	34668	24595	324	0	570	1070	0
479	480	1202,779	34668	24640	324	0	570	1070	0
480	481	1202,784	34668	24689	324	0	580	1080	0
481	482	1202,789	34668	24743	324	0	580	1080	0
482	483	1202,794	34668	24801	324	0	570	1090	0
483	484	1202,799	34668	24862	312	0	570	1090	0
484	485	1202,804	34668	24927	312	0	570	1090	0
485	486	1202,809	34668	24995	312	0	570	1090	0
486	487	1202,814	34668	25064	312	0	570	1110	0
487	488	1202,819	34668	25135	300	0	570	1110	0
488	489	1202,824	34668	25209	300	0	580	1130	0
489	490	1202,829	34668	25284	288	0	580	1130	0
490	491	1202,834	34668	25362	288	0	580	1130	0
491	492	1202,839	34668	25442	276	0	580	1150	0
492	493	1202,844	34671	25525	264	0	580	1160	0
493	494	1202,849	34681	25612	240	0	580	1160	0
494	495	1202,854	34696	25701	228	0	580	1160	0
495	496	1202,859	34717	25792	204	0	590	1180	0
496	497	1202,864	34746	25884	168	0	590	1180	0
497	498	1202,869	34769	25976	132	0	600	1190	0
498	499	1202,874	34790	26065	96	0	600	1190	0
499	500	1202,879	34800	26150	0	0	600	1200	0
500	501	1202,884	34832	26230	0	0	610	1220	0
501	502	1202,889	34854	26302	0	0	610	1220	0
502	503	1202,897	34874	26367	0	176	620	1230	0
503	504	1202,902	34892	26423	0	171	620	1230	0
504	505	1202,906	34907	26469	0	180	630	1240	0
505	506	1202,911	34919	26503	0	192	630	1240	0
506	507	1202,916	34931	26528	0	255	630	1240	0
507	508	1202,921	34941	26546	0	291	630	1240	0
508	509	1202,926	34950	26553	0	328	640	1250	0
509	510	1202,931	34957	26553	0	355	640	1250	0
510	511	1202,936	34962	26553	0	381	640	1250	0
511	512	1202,941	34964	26537	0	419	640	1250	0
512	513	1202,946	34965	26492	0	455	630	1270	0
513	514	1202,951	34965	26426	0	484	630	1270	0
514	515	1202,956	34965	26335	0	515	630	1270	0
515	516	1202,961	34965	26225	0	560	630	1270	0
516	517	1202,966	34953	26094	0	599	630	1270	0
517	518	1202,971	34939	25943	0	652	630	1270	0
518	519	1202,976	34922	25768	0	669	640	1250	0
519	520	1202,981	34902	25568	0	709	640	1250	0
520	521	1202,986	34880	25359	0	744	640	1250	0
521	522	1202,991	34860	25145	0	761	650	1250	0
522	523	1202,996	34843	24929	0	768	650	1250	0
523	524	1203,001	34830	24715	0	772	650	1250	0
524	525	1203,006	34820	24508	0	770	650	1230	0
525	526	1203,011	34811	24314	0	765	660	1210	0
526	527	1203,016	34806	24141	0	726	660	1210	0
527	528	1203,021	34806	24001	0	716	660	1190	0
528	529	1203,026	34806	23887	0	701	670	1170	0
529	530	1203,031	34806	23803	0	671	670	1150	0
530	531	1203,036	34806	23751	0	658	670	1150	0
531	532	1203,041	34814	23728	0	611	670	1120	0
532	533	1203,046	34824	23728	0	549	680	1100	0
533	534	1203,051	34833	23756	0	445	680	1100	0
534	535	1203,056	34841	23826	0	360	680	1080	0
535	536	1203,061	34845	23925	0	244	680	1080	0
536	537	1203,066	34845	24052	0	126	680	1050	0
537	538	1203,071	34845	24208	0	7	680	1050	0
538	539	1203,076	34845	24208	24	0	680	1050	0
539	540	1203,081	34839	24592	36	0	680	1050	0
540	541	1203,086	34826	24806	64	0	670	1050	0
541	542	1203,091	34821	25026	76	0	670	1070	0
542	543	1203,096	34810	25248	100	0	670	1070	0
543	544	1203,101	34792	25465	116	0	670	1090	0
544	545	1203,106	34791	25673	116	0	660	1080	0
545	546	1203,111	34791	25864	100	0	660	1100	0
546	547	1203,116	34791	26036	88	0	650	1130	0
547	548	1203,121	34810	26186	48	0	640	1120	0
548	549	1203,126	34829	26313	0	0	640	1140	0
549	550	1203,131	34848	26418	0	0	640	1160	0
550	551	1203,136	34868	26507	0	0	630	1170	0
551	552	1203,141	34891	26581	0	0	630	1190	0
552	553	1203,144	34914	26640	0	265	630	1190	0
553	554	1203,149	34938	26692	0	320	630	1210	0
554	555	1203,154	34964	26737	0	329	630	1220	0
555	556	1203,159	34990	26779	0	363	630	1240	0
556	557	1203,164	35025	26820	0	426	630	1240	0
557	558	1203,169	35067	26860	0	458	620	1260	0
558	559	1203,174	35116	26901	0	492	620	1260	0
559	560	1203,179	35171	26942	0	529	630	1270	0
560	561	1203,184	35234	26984	0	563	630	1290	0
561	562	1203,189	35305	27028	0	606	630	1290	0
562	563	1203,194	35383	27075	0	623	630	1300	0
563	564	1203,199	35470	27124	0	650	630	1300	0
564	565	1203,204	35565	27178	0	677	630	1320	0
565	566	1203,209	35669	27234	0	684	630	1320	0
566	567	1203,214	35779	27292	0	701	630	1330	0
567	568	1203,219	35894	27352	0	701	630	1330	0
568	569	1203,224	36014	27414	0	703	630	1330	0
569	570	1203,229	36134	27476	0	694	630	1330	0
570	571	1203,234	36252	27537	0	673	630	1350	0
571	572	1203,239	36365	27596	0	651	630	1370	0
572	573	1203,244	36468	27649	0	615	630	1370	0
573	574	1203,249	36560	27695	0	571	630	1370	0
574	575	1203,254	36635	27732	0	492	630	1370	0
575	576	1203,259	36692	27756	0	395	640	1350	0
576	577	1203,264	36725	27768	0	259	650	1370	0
577	578	1203,269	36733	27768	0	121	650	1370	0
578	579	1203,274	36733	27767	0	11	650	1350	0
579	580	1203,279	36733	27767	24	0	650	1350	0
580	581	1203,284	36622	27690	52	0	650	1350	0
581	582	1203,289	36532	27629	76	0	650	1350	0
582	583	1203,294	36422	27555	104	0	650	1350	0
583	584	1203,299	36297	27466	132	0	650	1350	0
584	585	1203,304	36161	27362	156	0	650	1350	0
585	586	1203,309	36018	27242	172	0	650	1350	0
586	587	1203,314	35870	27106	172	0	650	1350	0
587	588	1203,319	35720	26954	172	0	650	1350	0
588	589	1203,324	35573	26791	172	0	650	1330	0
589	590	1203,329	35431	26621	156	0	650	1330	0
590	591	1203,334	35299	26448	132	0	640	1350	0
591	592	1203,339	35177	26283	104	0	640	1320	0
592	593	1203,344	35072	26137	76	0	640	1320	0
593	594	1203,349	34985	26014	0	0	640	1320	0
594	595	1203,354	34920	25916	0	0	630	1300	0
595	596	1203,359	34876	25841	0	0	630	1300	0
596	597	1203,369	34853	25789	0	485	640	1290	0
597	598	1203,374	34848	25761	0	477	640	1290	0
598	599	1203,379	34848	25755	0	436	640	1270	0
599	600	1203,384	34876	25755	0	436	640	1270	0
600	601	1203,389	34927	25761	0	456	650	1250	0
601	602	1203,394	34996	25785	0	503	650	1230	0
602	603	1203,399	35081	25818	0	527	650	1220	0
603	604	1203,404	35181	25858	0	550	660	1210	0
604	605	1203,409	35295	25905	0	577	660	1190	0
605	606	1203,414	35417	25956	0	601	660	1190	0
606	607	1203,419	35545	26008	0	643	670	1170	0
607	608	1203,423	35673	26058	0	673	670	1170	0
608	609	1203,428	35796	26103	0	685	680	1180	0
609	610	1203,433	35912	26142	0	698	680	1180	0
610	611	1203,438	36018	26176	0	701	680	1180	0
611	612	1203,443	36112	26202	0	706	680	1180	0
612	613	1203,448	36191	26219	0	695	680	1220	0
613	614	1203,453	36258	26225	0	679	680	1220	0
614	615	1203,458	36308	26225	0	642	680	1220	0
615	616	1203,463	36342	26225	0	615	680	1220	0
616	617	1203,468	36358	26198	0	544	680	1250	0
617	618	1203,473	36358	26149	0	466	680	1250	0
618	619	1203,478	36345	26079	0	382	680	1250	0
619	620	1203,483	36293	25989	0	255	690	1270	0
620	621	1203,488	36221	25881	0	118	690	1270	0
621	622	1203,493	36128	25754	0	57	690	1270	0
622	623	1203,498	36128	25754	0	0	690	1270	0
623	624	1203,503	35892	25438	24	0	690	1270	0
624	625	1203,508	35757	25251	36	0	690	1270	0
625	626	1203,513	35618	25042	48	0	690	1270	0
626	627	1203,518	35483	24822	48	0	690	1270	0
627	628	1203,523	35358	24594	36	0	690	1270	0
628	629	1203,528	35245	24368	0	0	690	1270	0
629	630	1203,533	35147	24152	0	0	690	1230	0
630	631	1203,538	35069	23950	0	0	690	1230	0
631	632	1203,543	35011	23773	0	0	690	1210	0
632	633	1203,549	34978	23624	0	250	680	1190	0
633	634	1203,554	34969	23509	0	274	680	1190	0
634	635	1203,559	34969	23427	0	300	680	1160	0
635	636	1203,564	34992	23375	0	353	680	1160	0
636	637	1203,569	35046	23349	0	399	680	1160	0
637	638	1203,574	35121	23345	0	442	680	1140	0
638	639	1203,579	35216	23345	0	487	680	1140	0
639	640	1203,584	35332	23375	0	527	670	1120	0
640	641	1203,589	35467	23427	0	560	670	1120	0
641	642	1203,594	35623	23497	0	599	680	1100	0
642	643	1203,599	35798	23577	0	647	690	1110	0
643	644	1203,604	35989	23666	0	687	690	1110	0
644	645	1203,609	36189	23760	0	751	690	1090	0
645	646	1203,614	36393	23855	0	784	690	1090	0
646	647	1203,619	36597	23949	0	801	690	1090	0
647	648	1203,624	36796	24036	0	837	700	1100	0
648	649	1203,629	36982	24116	0	832	700	1100	0
649	650	1203,634	37152	24186	0	811	710	1110	0
650	651	1203,639	37302	24252	0	796	710	1110	0
651	652	1203,644	37430	24314	0	728	710	1130	0
652	653	1203,649	37540	24371	0	676	710	1150	0
653	654	1203,654	37630	24425	0	556	710	1150	0
654	655	1203,659	37698	24476	24	419	720	1160	0
655	656	1203,664	37742	24528	24	133	720	1160	0
656	657	1203,669	37742	24528	48	0	720	1160	0
657	658	1203,674	37769	24638	64	0	730	1180	0
658	659	1203,679	37769	24692	144	0	730	1180	0
659	660	1203,684	37752	24746	240	0	730	1210	0
660	661	1203,689	37752	24746	320	0	730	1210	0
