N°Pt	SN	T	X	Y	Z	P	Alt	Azi	Twi
0	1	63598671622,09	25076	18460	625	0	740	1080	0
1	2	63598671622,094	25069	18457	561	0	740	1080	0
2	3	63598671622,095	25058	18457	497	0	740	1080	0
3	4	63598671622,098	25046	18457	469	0	740	1080	0
4	5	63598671622,106	25033	18457	417	0	740	1080	0
5	6	63598671622,11	25022	18457	377	0	750	1090	0
6	7	63598671622,114	25010	18457	324	0	750	1090	0
7	8	63598671622,118	24996	18457	272	0	750	1090	0
8	9	63598671622,126	24981	18457	196	0	750	1090	0
9	10	63598671622,13	24952	18457	0	0	750	1090	0
10	11	63598671622,134	24916	18457	0	0	750	1090	0
11	12	63598671622,138	24875	18457	0	0	750	1090	0
12	13	63598671622,146	24831	18457	0	587	750	1090	0
13	14	63598671622,15	24781	18457	0	541	750	1090	0
14	15	63598671622,156	24728	18457	0	540	750	1090	0
15	16	63598671622,158	24673	18457	0	443	750	1090	0
16	17	63598671622,166	24617	18464	0	368	750	1090	0
17	18	63598671622,17	24560	18479	0	311	750	1090	0
18	19	63598671622,174	24506	18503	0	275	750	1090	0
19	20	63598671622,178	24458	18533	0	296	750	1090	0
20	21	63598671622,186	24412	18569	0	311	750	1090	0
21	22	63598671622,19	24369	18613	0	322	750	1060	0
22	23	63598671622,194	24329	18663	0	321	750	1060	0
23	24	63598671622,198	24291	18717	0	293	750	1050	0
24	25	63598671622,206	24255	18778	0	293	750	1050	0
25	26	63598671622,21	24220	18847	0	277	750	1050	0
26	27	63598671622,214	24186	18923	0	257	750	1050	0
27	28	63598671622,218	24153	19005	0	279	750	1010	0
28	29	63598671622,226	24120	19093	0	295	750	1010	0
29	30	63598671622,23	24090	19184	0	281	750	1010	0
30	31	63598671622,234	24062	19278	0	276	750	1010	0
31	32	63598671622,238	24037	19374	0	282	750	1010	0
32	33	63598671622,247	24017	19469	0	292	750	1010	0
33	34	63598671622,251	24002	19563	0	311	750	1010	0
34	35	63598671622,254	23993	19650	0	325	760	1020	0
35	36	63598671622,259	23992	19730	0	328	760	1020	0
36	37	63598671622,266	23992	19800	0	331	760	1020	0
37	38	63598671622,27	23992	19860	0	316	760	1020	0
38	39	63598671622,274	24016	19910	0	318	770	1030	0
39	40	63598671622,278	24047	19947	0	307	770	1030	0
40	41	63598671622,286	24087	19970	0	290	770	1030	0
41	42	63598671622,29	24134	19975	0	275	770	1030	0
42	43	63598671622,294	24190	19975	0	257	770	1030	0
43	44	63598671622,298	24254	19954	0	253	760	1070	0
44	45	63598671622,306	24323	19907	0	241	760	1070	0
45	46	63598671622,31	24402	19843	0	237	760	1070	0
46	47	63598671622,314	24486	19760	0	205	760	1070	0
47	48	63598671622,318	24574	19663	0	199	760	1070	0
48	49	63598671622,326	24665	19557	0	199	760	1070	0
49	50	63598671622,33	24753	19445	0	191	760	1110	0
50	51	63598671622,334	24838	19332	0	184	750	1060	0
51	52	63598671622,338	24916	19221	0	178	750	1060	0
52	53	63598671622,346	24984	19117	0	197	750	1060	0
53	54	63598671622,35	25041	19022	0	188	750	1060	0
54	55	63598671622,354	25085	18939	0	186	750	1060	0
55	56	63598671622,358	25116	18869	0	197	750	1060	0
56	57	63598671622,366	25135	18813	0	208	750	1060	0
57	58	63598671622,37	25144	18771	0	236	750	1060	0
58	59	63598671622,374	25144	18740	0	250	750	1060	0
59	60	63598671622,378	25144	18720	0	280	750	1060	0
60	61	63598671622,386	25135	18711	0	308	750	1060	0
61	62	63598671622,39	25111	18711	0	342	760	1070	0
62	63	63598671622,394	25080	18711	0	355	770	1030	0
63	64	63598671622,398	25045	18729	0	375	770	1030	0
64	65	63598671622,406	25004	18765	0	394	770	1030	0
65	66	63598671622,41	24961	18813	0	394	770	1030	0
66	67	63598671622,414	24915	18876	0	388	770	1030	0
67	68	63598671622,418	24868	18955	0	392	770	1030	0
68	69	63598671622,426	24822	19048	0	396	770	1030	0
69	70	63598671622,43	24777	19153	0	413	770	1030	0
70	71	63598671622,434	24737	19268	0	408	770	1030	0
71	72	63598671622,438	24701	19392	0	425	760	1020	0
72	73	63598671622,446	24672	19523	0	447	760	1020	0
73	74	63598671622,45	24650	19658	0	459	760	1020	0
74	75	63598671622,457	24639	19789	0	460	760	1020	0
75	76	63598671622,459	24638	19915	0	450	750	1010	0
76	77	63598671622,466	24638	20036	0	445	750	1010	0
77	78	63598671622,47	24648	20148	0	420	750	1010	0
78	79	63598671622,474	24681	20247	0	412	750	1010	0
79	80	63598671622,478	24726	20332	0	402	750	1010	0
80	81	63598671622,486	24783	20402	0	375	740	1000	0
81	82	63598671622,49	24849	20454	0	356	740	1000	0
82	83	63598671622,494	24923	20491	0	323	740	1000	0
83	84	63598671622,498	25003	20509	0	300	750	1010	0
84	85	63598671622,506	25088	20509	0	291	750	1010	0
85	86	63598671622,51	25177	20509	0	291	750	970	0
86	87	63598671622,514	25267	20479	0	285	750	970	0
87	88	63598671622,518	25356	20433	0	274	750	970	0
88	89	63598671622,526	25442	20373	0	292	760	980	0
89	90	63598671622,53	25523	20302	0	281	760	980	0
90	91	63598671622,534	25599	20220	0	261	770	940	0
91	92	63598671622,538	25667	20129	0	297	770	940	0
92	93	63598671622,546	25726	20033	0	297	770	940	0
93	94	63598671622,55	25775	19930	0	272	780	950	0
94	95	63598671622,554	25812	19824	0	248	780	950	0
95	96	63598671622,558	25836	19714	0	239	790	950	0
96	97	63598671622,566	25848	19600	0	238	790	1000	0
97	98	63598671622,57	25848	19485	0	249	800	1010	0
98	99	63598671622,574	25848	19375	0	251	800	1010	0
99	100	63598671622,578	25838	19271	0	264	800	1010	0
100	101	63598671622,586	25811	19176	0	281	800	1010	0
101	102	63598671622,59	25776	19090	0	309	800	1070	0
102	103	63598671622,594	25737	19015	0	299	800	1070	0
103	104	63598671622,598	25694	18954	0	310	800	1070	0
104	105	63598671622,606	25647	18905	0	341	800	1070	0
105	106	63598671622,61	25597	18869	0	362	800	1070	0
106	107	63598671622,614	25546	18844	0	388	800	1070	0
107	108	63598671622,618	25491	18830	0	377	800	1070	0
108	109	63598671622,626	25435	18824	0	370	800	1070	0
109	110	63598671622,63	25377	18824	0	371	800	1070	0
110	111	63598671622,634	25318	18824	0	348	800	1070	0
111	112	63598671622,638	25259	18845	0	334	790	1000	0
112	113	63598671622,647	25202	18878	0	338	790	1000	0
113	114	63598671622,65	25149	18920	0	334	790	1000	0
114	115	63598671622,654	25100	18972	0	320	790	1000	0
115	116	63598671622,658	25056	19035	0	319	790	1000	0
116	117	63598671622,666	25020	19108	0	326	780	990	0
117	118	63598671622,67	24991	19192	0	335	780	990	0
118	119	63598671622,674	24971	19286	0	340	780	990	0
119	120	63598671622,678	24961	19390	0	347	780	990	0
120	121	63598671622,686	24960	19501	0	364	770	990	0
121	122	63598671622,69	24960	19619	0	373	770	990	0
122	123	63598671622,694	24965	19738	0	368	770	990	0
123	124	63598671622,698	24994	19858	0	375	770	990	0
124	125	63598671622,706	25032	19974	0	376	770	1030	0
125	126	63598671622,71	25079	20082	0	371	760	1020	0
126	127	63598671622,714	25137	20179	0	363	760	1020	0
127	128	63598671622,718	25205	20266	0	357	760	1020	0
128	129	63598671622,726	25282	20340	0	339	760	1020	0
129	130	63598671622,73	25367	20401	0	341	760	1020	0
130	131	63598671622,734	25460	20449	0	310	770	1030	0
131	132	63598671622,738	25560	20483	0	291	770	1030	0
132	133	63598671622,746	25663	20505	0	305	770	990	0
133	134	63598671622,75	25770	20515	0	282	770	990	0
134	135	63598671622,754	25876	20515	0	276	780	990	0
135	136	63598671622,758	25981	20515	0	256	780	990	0
136	137	63598671622,766	26081	20489	0	271	780	990	0
137	138	63598671622,77	26177	20451	0	271	790	950	0
138	139	63598671622,774	26265	20402	0	270	790	950	0
139	140	63598671622,778	26344	20345	0	265	790	950	0
140	141	63598671622,786	26413	20279	0	258	790	950	0
141	142	63598671622,79	26471	20204	0	278	790	950	0
142	143	63598671622,794	26516	20125	0	258	790	950	0
143	144	63598671622,798	26549	20041	0	264	790	950	0
144	145	63598671622,806	26570	19952	0	278	790	950	0
145	146	63598671622,81	26579	19861	0	270	790	950	0
146	147	63598671622,814	26579	19768	0	310	790	950	0
147	148	63598671622,818	26579	19674	0	314	790	1000	0
148	149	63598671622,826	26561	19580	0	303	780	990	0
149	150	63598671622,83	26534	19490	0	309	780	990	0
150	151	63598671622,834	26503	19404	0	332	780	1040	0
151	152	63598671622,838	26469	19327	0	325	780	1040	0
152	153	63598671622,846	26435	19260	0	306	770	1030	0
153	154	63598671622,853	26400	19205	0	360	770	1030	0
154	155	63598671622,854	26365	19162	0	335	770	1030	0
155	156	63598671622,859	26329	19132	0	358	770	1030	0
156	157	63598671622,867	26293	19116	0	364	770	1030	0
157	158	63598671622,871	26254	19114	0	365	770	1030	0
158	159	63598671622,874	26215	19114	0	359	770	1030	0
159	160	63598671622,878	26172	19138	0	354	770	990	0
160	161	63598671622,886	26128	19180	0	349	780	990	0
161	162	63598671622,907	26084	19237	0	340	780	990	0
162	163	63598671622,908	26041	19308	0	317	780	990	0
163	164	63598671622,909	26001	19393	0	311	780	990	0
164	165	63598671622,91	25966	19490	0	316	790	1000	0
165	166	63598671622,911	25937	19597	0	303	790	1000	0
166	167	63598671622,914	25917	19710	0	320	790	1000	0
167	168	63598671622,919	25907	19830	0	334	790	1000	0
168	169	63598671622,927	25907	19952	0	350	790	1000	0
169	170	63598671622,93	25907	20074	0	360	790	1000	0
170	171	63598671622,934	25929	20195	0	363	800	1010	0
171	172	63598671622,938	25968	20314	0	390	800	1010	0
172	173	63598671622,946	26020	20428	0	414	800	1070	0
173	174	63598671622,95	26084	20537	0	414	800	1070	0
174	175	63598671622,954	26160	20638	0	408	800	1070	0
175	176	63598671622,958	26248	20727	0	412	800	1010	0
176	177	63598671622,966	26346	20806	0	402	800	1010	0
177	178	63598671622,97	26455	20871	0	404	800	1010	0
178	179	63598671622,974	26572	20921	0	388	790	1000	0
179	180	63598671622,978	26697	20954	0	389	790	950	0
180	181	63598671622,986	26829	20971	0	385	790	950	0
181	182	63598671622,99	26964	20971	0	384	790	900	0
182	183	63598671622,994	27101	20971	0	368	790	900	0
183	184	63598671622,998	27239	20938	0	370	790	900	0
184	185	63598671623,006	27376	20889	0	375	790	900	0
185	186	63598671623,01	27508	20827	0	369	790	850	0
186	187	63598671623,014	27635	20753	0	345	790	850	0
187	188	63598671623,018	27755	20668	0	354	790	850	0
188	189	63598671623,026	27866	20573	0	343	790	850	0
189	190	63598671623,03	27967	20468	0	340	800	840	0
190	191	63598671623,034	28057	20358	0	325	800	840	0
191	192	63598671623,042	28136	20241	0	326	800	840	0
192	193	63598671623,046	28202	20122	0	335	800	840	0
193	194	63598671623,051	28255	20004	0	300	810	900	0
194	195	63598671623,056	28297	19890	0	332	810	900	0
195	196	63598671623,062	28327	19783	0	308	810	900	0
196	197	63598671623,068	28348	19685	0	342	820	900	0
197	198	63598671623,07	28359	19600	0	348	820	900	0
198	199	63598671623,074	28363	19527	0	347	820	970	0
199	200	63598671623,084	28363	19470	0	362	820	970	0
200	201	63598671623,086	28363	19426	0	381	820	1040	0
201	202	63598671623,091	28363	19396	0	392	820	1040	0
202	203	63598671623,094	28357	19377	0	408	810	1080	0
203	204	63598671623,098	28348	19366	0	413	810	1080	0
204	205	63598671623,106	28339	19365	0	435	800	1140	0
205	206	63598671623,11	28332	19365	0	445	800	1140	0
206	207	63598671623,114	28329	19377	0	439	790	1120	0
207	208	63598671623,122	28329	19409	0	432	790	1160	0
208	209	63598671623,126	28329	19454	0	427	780	1140	0
209	210	63598671623,13	28329	19509	0	419	780	1140	0
210	211	63598671623,134	28336	19578	0	404	780	1140	0
211	212	63598671623,142	28355	19660	0	403	780	1140	0
212	213	63598671623,146	28380	19753	0	404	780	1180	0
213	214	63598671623,15	28412	19852	0	403	770	1120	0
214	215	63598671623,154	28450	19950	0	388	770	1120	0
215	216	63598671623,162	28495	20049	0	383	770	1120	0
216	217	63598671623,166	28546	20143	0	381	770	1120	0
217	218	63598671623,17	28602	20231	0	377	770	1120	0
218	219	63598671623,174	28667	20310	0	370	770	1080	0
219	220	63598671623,182	28738	20374	0	358	770	1080	0
220	221	63598671623,186	28816	20425	0	364	780	1040	0
221	222	63598671623,19	28900	20459	0	348	780	1040	0
222	223	63598671623,194	28991	20475	0	320	780	990	0
223	224	63598671623,202	29086	20475	0	297	780	990	0
224	225	63598671623,206	29186	20471	0	297	790	1000	0
225	226	63598671623,21	29291	20427	0	299	790	950	0
226	227	63598671623,214	29399	20363	0	280	790	950	0
227	228	63598671623,222	29509	20281	0	292	790	900	0
228	229	63598671623,226	29616	20182	0	308	800	900	0
229	230	63598671623,23	29717	20071	0	298	800	900	0
230	231	63598671623,234	29810	19948	0	311	810	900	0
231	232	63598671623,242	29891	19819	0	299	810	900	0
232	233	63598671623,246	29959	19687	0	297	820	900	0
233	234	63598671623,25	30012	19555	0	310	820	900	0
234	235	63598671623,254	30045	19427	0	299	830	900	0
235	236	63598671623,262	30061	19307	0	278	830	980	0
236	237	63598671623,266	30061	19194	0	283	830	980	0
237	238	63598671623,27	30061	19093	0	267	840	990	0
238	239	63598671623,275	30033	19006	0	255	840	990	0
239	240	63598671623,282	29993	18932	0	270	840	990	0
240	241	63598671623,286	29944	18872	0	269	840	990	0
241	242	63598671623,29	29890	18827	0	282	840	1080	0
242	243	63598671623,294	29834	18795	0	309	840	1080	0
243	244	63598671623,302	29776	18773	0	312	840	1080	0
244	245	63598671623,306	29718	18761	0	334	840	1080	0
245	246	63598671623,31	29662	18756	0	352	840	1080	0
246	247	63598671623,315	29607	18756	0	368	840	1080	0
247	248	63598671623,322	29555	18756	0	369	840	1080	0
248	249	63598671623,326	29504	18756	0	369	840	1080	0
249	250	63598671623,33	29457	18765	0	377	840	1080	0
250	251	63598671623,334	29410	18777	0	359	830	1060	0
251	252	63598671623,342	29367	18792	0	348	830	980	0
252	253	63598671623,346	29327	18809	0	340	830	980	0
253	254	63598671623,35	29291	18825	0	343	830	980	0
254	255	63598671623,354	29261	18842	0	338	820	970	0
255	256	63598671623,362	29236	18864	0	317	820	970	0
256	257	63598671623,366	29219	18894	0	331	820	970	0
257	258	63598671623,37	29211	18932	0	336	810	960	0
258	259	63598671623,374	29211	18982	0	340	810	960	0
259	260	63598671623,382	29211	19043	0	348	810	960	0
260	261	63598671623,386	29220	19113	0	363	810	960	0
261	262	63598671623,39	29248	19189	0	384	810	960	0
262	263	63598671623,394	29286	19271	0	386	800	960	0
263	264	63598671623,402	29335	19352	0	391	800	960	0
264	265	63598671623,406	29396	19426	0	393	800	960	0
265	266	63598671623,41	29467	19491	0	386	800	960	0
266	267	63598671623,414	29551	19542	0	366	800	960	0
267	268	63598671623,422	29648	19574	0	344	800	960	0
268	269	63598671623,426	29757	19589	0	320	800	960	0
269	270	63598671623,43	29878	19589	0	317	800	1010	0
270	271	63598671623,434	30008	19583	0	304	800	1010	0
271	272	63598671623,442	30142	19542	0	290	800	1010	0
272	273	63598671623,446	30277	19482	0	274	810	1020	0
273	274	63598671623,45	30409	19404	0	271	810	1080	0
274	275	63598671623,454	30535	19315	0	222	810	1080	0
275	276	63598671623,462	30648	19215	0	212	810	1080	0
276	277	63598671623,466	30746	19108	0	187	810	1080	0
277	278	63598671623,47	30825	18995	0	169	810	1080	0
278	279	63598671623,474	30882	18878	0	156	810	1080	0
279	280	63598671623,482	30918	18758	0	152	810	1080	0
280	281	63598671623,486	30928	18635	0	142	810	1080	0
281	282	63598671623,49	30928	18509	0	145	810	1080	0
282	283	63598671623,495	30901	18378	0	119	810	1080	0
283	284	63598671623,502	30848	18245	0	157	810	1080	0
284	285	63598671623,508	30780	18113	0	166	810	1080	0
285	286	63598671623,51	30700	17989	0	114	810	1080	0
286	287	63598671623,516	30614	17875	0	150	810	1080	0
287	288	63598671623,522	30523	17775	0	112	810	1080	0
288	289	63598671623,526	30431	17693	0	162	810	1080	0
289	290	63598671623,53	30340	17630	0	165	800	1140	0
290	291	63598671623,534	30251	17589	0	306	800	1140	0
291	292	63598671623,542	30163	17572	0	241	800	1190	0
292	293	63598671623,546	30075	17572	0	334	800	1190	0
293	294	63598671623,55	29988	17575	0	356	790	1240	0
294	295	63598671623,554	29901	17612	0	348	790	1240	0
295	296	63598671623,562	29814	17665	0	341	790	1280	0
296	297	63598671623,566	29730	17732	0	348	790	1280	0
297	298	63598671623,571	29648	17812	0	286	780	1320	0
298	299	63598671623,574	29570	17904	0	306	780	1320	0
299	300	63598671623,582	29498	18006	0	318	780	1320	0
300	301	63598671623,586	29431	18115	0	325	780	1320	0
301	302	63598671623,59	29372	18226	0	303	780	1320	0
302	303	63598671623,594	29322	18334	0	309	780	1320	0
303	304	63598671623,602	29282	18441	0	281	780	1320	0
304	305	63598671623,606	29250	18539	0	302	790	1280	0
305	306	63598671623,61	29229	18627	0	300	780	1250	0
306	307	63598671623,614	29218	18700	0	302	780	1210	0
307	308	63598671623,622	29218	18756	0	268	780	1210	0
308	309	63598671623,626	29218	18792	0	265	790	1160	0
309	310	63598671623,63	29233	18810	0	241	790	1160	0
310	311	63598671623,634	29267	18810	0	215	790	1120	0
311	312	63598671623,643	29309	18796	0	204	790	1050	0
312	313	63598671623,646	29360	18743	0	184	790	1050	0
313	314	63598671623,65	29417	18669	0	182	790	1000	0
314	315	63598671623,654	29475	18573	0	159	790	1000	0
315	316	63598671623,662	29535	18458	0	92	790	1000	0
316	317	63598671623,666	29589	18326	0	146	800	1010	0
317	318	63598671623,67	29634	18180	0	169	800	1010	0
318	319	63598671623,674	29666	18021	0	175	800	1010	0
319	320	63598671623,682	29682	17858	0	177	800	1010	0
320	321	63598671623,686	29682	17692	0	149	800	1010	0
321	322	63598671623,69	29672	17528	0	164	800	1070	0
322	323	63598671623,694	29626	17374	0	71	800	1070	0
323	324	63598671623,702	29561	17233	0	148	800	1140	0
324	325	63598671623,706	29479	17111	0	76	800	1140	0
325	326	63598671623,71	29382	17008	0	152	800	1190	0
326	327	63598671623,714	29274	16930	0	178	800	1190	0
327	328	63598671623,722	29158	16875	0	160	790	1240	0
328	329	63598671623,726	29036	16842	0	208	790	1240	0
329	330	63598671623,73	28911	16833	0	252	790	1240	0
330	331	63598671623,734	28782	16833	0	289	780	1210	0
331	332	63598671623,742	28651	16854	0	313	780	1210	0
332	333	63598671623,747	28518	16902	0	330	780	1250	0
333	334	63598671623,752	28382	16968	0	328	780	1250	0
334	335	63598671623,755	28246	17050	0	341	770	1220	0
335	336	63598671623,762	28109	17149	0	359	770	1220	0
336	337	63598671623,767	27974	17266	0	348	770	1220	0
337	338	63598671623,77	27838	17400	0	346	770	1220	0
338	339	63598671623,776	27706	17543	0	346	760	1200	0
339	340	63598671623,784	27581	17696	0	339	760	1200	0
340	341	63598671623,786	27466	17851	0	399	760	1200	0
341	342	63598671623,791	27362	18007	0	383	760	1200	0
342	343	63598671623,795	27270	18159	0	402	760	1200	0
343	344	63598671623,802	27191	18301	0	412	760	1200	0
344	345	63598671623,806	27129	18428	0	431	750	1180	0
345	346	63598671623,81	27085	18535	0	431	750	1180	0
346	347	63598671623,814	27058	18622	0	418	750	1180	0
347	348	63598671623,822	27045	18688	0	402	760	1140	0
348	349	63598671623,826	27045	18731	0	388	760	1140	0
349	350	63598671623,83	27049	18750	0	355	760	1140	0
350	351	63598671623,834	27084	18750	0	313	760	1140	0
351	352	63598671623,842	27131	18725	0	282	760	1110	0
352	353	63598671623,849	27188	18662	0	262	760	1110	0
353	354	63598671623,85	27254	18576	0	248	760	1110	0
354	355	63598671623,854	27325	18464	0	207	760	1110	0
355	356	63598671623,862	27397	18330	0	208	760	1070	0
356	357	63598671623,866	27464	18176	0	189	760	1070	0
357	358	63598671623,87	27521	18007	0	199	760	1070	0
358	359	63598671623,874	27566	17828	0	165	760	1070	0
359	360	63598671623,882	27593	17645	0	199	770	1080	0
360	361	63598671623,886	27601	17464	0	190	770	1120	0
361	362	63598671623,89	27601	17290	0	173	770	1120	0
362	363	63598671623,894	27573	17131	0	158	780	1140	0
363	364	63598671623,902	27520	16991	0	175	780	1180	0
364	365	63598671623,906	27448	16872	0	211	780	1180	0
365	366	63598671623,91	27362	16773	0	212	770	1220	0
366	367	63598671623,914	27263	16697	0	267	770	1220	0
367	368	63598671623,922	27157	16642	0	334	770	1220	0
368	369	63598671623,926	27044	16609	0	379	770	1260	0
369	370	63598671623,93	26928	16592	0	398	770	1260	0
370	371	63598671623,934	26810	16591	0	403	770	1260	0
371	372	63598671623,942	26690	16591	0	427	760	1290	0
372	373	63598671623,946	26571	16613	0	418	760	1290	0
373	374	63598671623,951	26450	16657	0	432	760	1290	0
374	375	63598671623,954	26329	16719	0	430	760	1290	0
375	376	63598671623,962	26205	16799	0	417	760	1290	0
376	377	63598671623,966	26080	16895	0	413	750	1270	0
377	378	63598671623,97	25951	17009	0	381	750	1270	0
378	379	63598671623,974	25819	17138	0	361	750	1270	0
379	380	63598671623,982	25685	17280	0	386	750	1270	0
380	381	63598671623,986	25551	17433	0	360	740	1240	0
381	382	63598671623,99	25421	17592	0	350	740	1240	0
382	383	63598671623,994	25297	17752	0	299	740	1240	0
383	384	63598671624,002	25181	17909	0	369	740	1240	0
384	385	63598671624,006	25077	18059	0	377	740	1220	0
385	386	63598671624,01	24988	18194	0	386	740	1220	0
386	387	63598671624,014	24916	18311	0	402	740	1220	0
387	388	63598671624,022	24863	18407	0	404	740	1220	0
388	389	63598671624,026	24828	18484	0	408	740	1190	0
389	390	63598671624,03	24812	18539	0	414	730	1180	0
390	391	63598671624,034	24812	18571	0	407	730	1180	0
391	392	63598671624,042	24814	18581	0	391	730	1180	0
392	393	63598671624,046	24845	18581	0	371	730	1180	0
393	394	63598671624,05	24885	18559	0	360	740	1150	0
394	395	63598671624,054	24931	18509	0	339	740	1150	0
395	396	63598671624,062	24980	18443	0	327	730	1130	0
396	397	63598671624,066	25029	18358	0	332	730	1130	0
397	398	63598671624,07	25074	18255	0	302	730	1130	0
398	399	63598671624,074	25112	18141	0	269	730	1100	0
399	400	63598671624,082	25138	18017	0	290	740	1110	0
400	401	63598671624,086	25154	17885	0	283	740	1110	0
401	402	63598671624,09	25154	17751	0	256	740	1110	0
402	403	63598671624,094	25154	17619	0	262	740	1150	0
403	404	63598671624,102	25130	17492	0	227	740	1150	0
404	405	63598671624,106	25084	17377	0	211	740	1150	0
405	406	63598671624,11	25023	17276	0	214	740	1160	0
406	407	63598671624,114	24946	17189	0	214	740	1160	0
407	408	63598671624,122	24858	17118	0	264	740	1160	0
408	409	63598671624,126	24759	17065	0	305	740	1190	0
409	410	63598671624,13	24653	17029	0	345	740	1190	0
410	411	63598671624,134	24541	17009	0	352	740	1190	0
411	412	63598671624,143	24422	17003	0	370	740	1190	0
412	413	63598671624,146	24300	17003	0	383	740	1190	0
413	414	63598671624,15	24177	17010	0	413	740	1190	0
414	415	63598671624,157	24053	17042	0	409	740	1160	0
415	416	63598671624,164	23930	17086	0	431	740	1160	0
416	417	63598671624,166	23808	17138	0	440	740	1160	0
417	418	63598671624,173	23688	17202	0	412	740	1160	0
418	419	63598671624,181	23569	17276	0	425	740	1150	0
419	420	63598671624,183	23454	17359	0	402	740	1150	0
420	421	63598671624,186	23342	17452	0	394	740	1150	0
421	422	63598671624,19	23232	17554	0	392	740	1150	0
422	423	63598671624,198	23127	17663	0	384	740	1150	0
423	424	63598671624,202	23027	17776	0	403	730	1180	0
424	425	63598671624,206	22934	17895	0	382	720	1160	0
425	426	63598671624,21	22847	18014	0	378	720	1160	0
426	427	63598671624,218	22770	18129	0	379	720	1160	0
427	428	63598671624,222	22702	18240	0	384	720	1160	0
428	429	63598671624,226	22646	18342	0	419	720	1190	0
429	430	63598671624,23	22603	18429	0	406	710	1170	0
430	431	63598671624,238	22572	18501	0	394	710	1170	0
431	432	63598671624,242	22554	18558	0	384	710	1170	0
432	433	63598671624,246	22546	18597	0	366	700	1160	0
433	434	63598671624,25	22546	18622	0	358	700	1160	0
434	435	63598671624,258	22546	18632	0	340	700	1160	0
435	436	63598671624,262	22552	18632	0	322	710	1130	0
436	437	63598671624,266	22568	18626	0	308	700	1120	0
437	438	63598671624,27	22585	18593	0	297	700	1120	0
438	439	63598671624,278	22601	18547	0	293	700	1100	0
439	440	63598671624,282	22614	18490	0	289	700	1100	0
440	441	63598671624,286	22621	18423	0	297	700	1100	0
441	442	63598671624,29	22621	18346	0	298	700	1100	0
442	443	63598671624,298	22621	18260	0	291	700	1100	0
443	444	63598671624,302	22609	18172	0	303	700	1100	0
444	445	63598671624,306	22577	18084	0	317	700	1100	0
445	446	63598671624,31	22536	18002	0	278	700	1100	0
446	447	63598671624,318	22485	17932	0	265	700	1100	0
447	448	63598671624,322	22424	17873	0	269	700	1100	0
448	449	63598671624,326	22353	17830	0	253	700	1120	0
449	450	63598671624,33	22276	17804	0	293	700	1120	0
450	451	63598671624,338	22193	17798	0	319	700	1120	0
451	452	63598671624,342	22105	17798	0	331	700	1160	0
452	453	63598671624,346	22014	17831	0	338	700	1160	0
453	454	63598671624,35	21919	17891	0	357	700	1180	0
454	455	63598671624,359	21821	17972	0	356	700	1180	0
455	456	63598671624,362	21722	18077	0	365	700	1180	0
456	457	63598671624,366	21623	18203	0	377	700	1180	0
457	458	63598671624,37	21525	18353	0	393	700	1180	0
458	459	63598671624,378	21431	18526	0	386	700	1180	0
459	460	63598671624,384	21342	18718	0	378	700	1180	0
460	461	63598671624,387	21256	18925	0	375	700	1180	0
461	462	63598671624,39	21177	19145	0	358	700	1180	0
462	463	63598671624,398	21105	19374	0	368	700	1180	0
463	464	63598671624,402	21041	19609	0	383	700	1160	0
464	465	63598671624,406	20988	19847	0	398	700	1160	0
465	466	63598671624,41	20946	20088	0	400	700	1160	0
466	467	63598671624,418	20917	20324	0	414	710	1130	0
467	468	63598671624,422	20900	20555	0	405	710	1110	0
468	469	63598671624,426	20900	20775	0	451	710	1110	0
469	470	63598671624,43	20900	20981	0	433	710	1080	0
470	471	63598671624,438	20929	21172	0	427	710	1050	0
471	472	63598671624,442	20978	21345	0	437	710	1050	0
472	473	63598671624,446	21042	21495	0	432	720	1020	0
473	474	63598671624,45	21118	21619	0	430	720	1020	0
474	475	63598671624,458	21205	21716	0	400	720	990	0
475	476	63598671624,462	21302	21786	0	396	720	990	0
476	477	63598671624,466	21406	21832	0	386	720	990	0
477	478	63598671624,47	21513	21852	0	366	720	960	0
478	479	63598671624,478	21621	21852	0	356	720	960	0
479	480	63598671624,483	21727	21840	0	348	720	960	0
480	481	63598671624,486	21830	21793	0	353	730	970	0
481	482	63598671624,49	21924	21726	0	346	730	970	0
482	483	63598671624,498	22011	21646	24	337	730	970	0
483	484	63598671624,502	22088	21555	0	324	730	970	0
484	485	63598671624,506	22153	21458	0	319	730	970	0
485	486	63598671624,51	22206	21364	0	293	730	970	0
486	487	63598671624,518	22248	21276	0	285	730	970	0
487	488	63598671624,522	22277	21201	0	278	730	930	0
488	489	63598671624,526	22299	21141	0	280	730	930	0
489	490	63598671624,53	22312	21096	0	292	730	930	0
490	491	63598671624,538	22317	21070	0	297	730	930	0
491	492	63598671624,542	22317	21064	0	321	730	930	0
492	493	63598671624,546	22317	21064	0	356	720	900	0
493	494	63598671624,55	22317	21093	0	397	720	900	0
494	495	63598671624,558	22311	21150	0	416	720	900	0
495	496	63598671624,564	22302	21227	0	420	720	900	0
496	497	63598671624,566	22292	21328	0	438	710	900	0
497	498	63598671624,57	22285	21454	0	435	710	900	0
498	499	63598671624,578	22281	21602	0	437	710	900	0
499	500	63598671624,582	22281	21771	0	432	710	900	0
500	501	63598671624,587	22281	21962	0	437	710	900	0
501	502	63598671624,59	22281	22165	0	418	700	900	0
502	503	63598671624,598	22298	22378	0	441	700	900	0
503	504	63598671624,602	22322	22598	0	444	700	900	0
504	505	63598671624,606	22354	22822	0	436	700	900	0
505	506	63598671624,61	22395	23041	0	457	700	900	0
506	507	63598671624,618	22442	23250	0	463	700	900	0
507	508	63598671624,622	22499	23447	0	463	700	900	0
508	509	63598671624,626	22562	23622	0	478	700	900	0
509	510	63598671624,63	22636	23775	0	477	700	900	0
510	511	63598671624,638	22718	23901	0	449	700	900	0
511	512	63598671624,642	22808	24000	0	456	700	870	0
512	513	63598671624,646	22907	24066	0	433	710	870	0
513	514	63598671624,65	23011	24100	0	424	710	870	0
514	515	63598671624,658	23123	24103	0	412	710	870	0
515	516	63598671624,662	23243	24095	0	395	710	840	0
516	517	63598671624,666	23366	24038	0	397	710	840	0
517	518	63598671624,67	23494	23954	0	387	720	840	0
518	519	63598671624,678	23626	23843	0	388	720	840	0
519	520	63598671624,682	23758	23711	0	394	730	830	0
520	521	63598671624,686	23888	23565	0	398	730	830	0
521	522	63598671624,69	24016	23411	0	386	730	830	0
522	523	63598671624,698	24139	23254	0	378	740	830	0
523	524	63598671624,702	24255	23102	0	371	740	830	0
524	525	63598671624,706	24365	22960	0	375	740	830	0
525	526	63598671624,71	24464	22829	0	376	740	830	0
526	527	63598671624,718	24554	22713	0	382	740	830	0
527	528	63598671624,722	24636	22612	0	385	750	830	0
528	529	63598671624,726	24711	22522	0	396	750	830	0
529	530	63598671624,73	24779	22441	0	397	750	830	0
530	531	63598671624,738	24841	22366	0	401	750	830	0
531	532	63598671624,742	24899	22294	0	406	750	830	0
532	533	63598671624,746	24950	22219	0	416	750	830	0
533	534	63598671624,754	24998	22142	0	416	750	860	0
534	535	63598671624,763	25043	22059	0	418	750	860	0
535	536	63598671624,764	25081	21971	0	420	750	860	0
536	537	63598671624,766	25116	21879	0	421	750	860	0
537	538	63598671624,77	25144	21786	0	409	750	860	0
538	539	63598671624,778	25168	21697	0	405	750	900	0
539	540	63598671624,784	25185	21617	0	407	760	900	0
540	541	63598671624,786	25199	21549	0	408	760	900	0
541	542	63598671624,79	25207	21498	0	403	760	900	0
542	543	63598671624,798	25208	21465	0	404	760	900	0
543	544	63598671624,802	25208	21457	0	410	760	900	0
544	545	63598671624,806	25208	21457	0	427	760	900	0
545	546	63598671624,81	25206	21502	0	457	760	900	0
546	547	63598671624,819	25194	21578	0	481	760	940	0
547	548	63598671624,824	25181	21683	0	492	760	940	0
548	549	63598671624,827	25168	21814	0	489	760	940	0
549	550	63598671624,83	25157	21971	0	488	770	940	0
550	551	63598671624,838	25150	22152	0	473	770	940	0
551	552	63598671624,842	25147	22348	0	481	770	940	0
552	553	63598671624,846	25147	22552	0	463	770	940	0
553	554	63598671624,85	25147	22754	0	440	770	940	0
554	555	63598671624,858	25150	22947	0	428	770	900	0
555	556	63598671624,862	25172	23125	0	443	770	900	0
556	557	63598671624,866	25206	23285	0	412	770	900	0
557	558	63598671624,87	25250	23423	0	412	770	900	0
558	559	63598671624,878	25308	23534	0	405	770	900	0
559	560	63598671624,882	25381	23620	0	408	770	860	0
560	561	63598671624,886	25471	23679	0	376	770	860	0
561	562	63598671624,89	25574	23714	0	373	780	850	0
562	563	63598671624,898	25691	23724	0	378	780	810	0
563	564	63598671624,902	25818	23724	0	384	780	810	0
564	565	63598671624,906	25953	23692	0	374	780	810	0
565	566	63598671624,91	26093	23629	0	397	780	810	0
566	567	63598671624,918	26238	23542	0	384	780	760	0
567	568	63598671624,922	26385	23434	0	398	780	760	0
568	569	63598671624,926	26531	23306	0	398	780	760	0
569	570	63598671624,93	26679	23156	0	399	790	750	0
570	571	63598671624,938	26825	22989	0	397	790	750	0
571	572	63598671624,942	26968	22806	0	378	790	750	0
572	573	63598671624,946	27112	22609	0	376	790	750	0
573	574	63598671624,95	27255	22397	0	347	790	750	0
574	575	63598671624,958	27393	22173	0	345	800	730	0
575	576	63598671624,962	27529	21939	0	341	800	730	0
576	577	63598671624,966	27659	21705	0	321	800	730	0
577	578	63598671624,97	27781	21478	0	284	810	720	0
578	579	63598671624,978	27892	21261	0	274	810	720	0
579	580	63598671624,982	27990	21059	0	224	810	720	0
580	581	63598671624,986	28071	20882	0	269	810	700	0
581	582	63598671624,99	28133	20734	0	289	820	760	0
582	583	63598671624,998	28176	20616	0	276	820	760	0
583	584	63598671625,002	28196	20527	0	271	830	740	0
584	585	63598671625,006	28198	20464	0	290	830	740	0
585	586	63598671625,01	28198	20423	0	288	830	820	0
586	587	63598671625,019	28173	20404	0	296	840	810	0
587	588	63598671625,022	28134	20402	0	299	840	810	0
588	589	63598671625,026	28088	20402	0	289	840	900	0
589	590	63598671625,03	28039	20420	0	296	850	900	0
590	591	63598671625,038	27991	20460	0	305	850	900	0
591	592	63598671625,042	27946	20515	0	314	850	900	0
592	593	63598671625,046	27905	20586	0	333	850	900	0
593	594	63598671625,05	27871	20674	0	339	850	900	0
594	595	63598671625,058	27845	20776	0	342	850	900	0
595	596	63598671625,062	27826	20896	0	361	850	900	0
596	597	63598671625,066	27817	21028	0	381	850	900	0
597	598	63598671625,07	27817	21173	0	409	850	900	0
598	599	63598671625,078	27817	21325	0	404	850	900	0
599	600	63598671625,082	27830	21479	0	419	850	900	0
600	601	63598671625,086	27863	21631	0	436	850	900	0
601	602	63598671625,09	27908	21780	0	430	840	810	0
602	603	63598671625,098	27965	21919	0	431	840	810	0
603	604	63598671625,102	28033	22045	0	446	840	810	0
604	605	63598671625,106	28112	22156	0	428	840	810	0
605	606	63598671625,11	28201	22247	0	426	840	810	0
606	607	63598671625,118	28300	22317	0	375	840	720	0
607	608	63598671625,122	28409	22366	0	388	840	720	0
608	609	63598671625,126	28525	22392	0	384	840	720	0
609	610	63598671625,13	28645	22392	0	357	830	630	0
610	611	63598671625,138	28768	22385	0	335	830	630	0
611	612	63598671625,142	28895	22332	0	323	830	630	0
612	613	63598671625,146	29023	22252	0	336	830	630	0
613	614	63598671625,15	29150	22150	0	332	830	630	0
614	615	63598671625,158	29275	22031	0	342	830	630	0
615	616	63598671625,162	29395	21898	0	343	830	630	0
616	617	63598671625,166	29510	21757	0	382	830	630	0
617	618	63598671625,17	29618	21610	0	381	830	630	0
618	619	63598671625,178	29716	21465	0	384	840	590	0
619	620	63598671625,182	29802	21328	0	412	840	510	0
620	621	63598671625,186	29874	21202	0	416	840	510	0
621	622	63598671625,19	29933	21090	0	433	840	510	0
622	623	63598671625,198	29974	20991	0	431	840	510	0
623	624	63598671625,202	30001	20908	0	451	840	450	0
624	625	63598671625,206	30014	20840	0	454	840	450	0
625	626	63598671625,21	30015	20788	0	460	840	450	0
626	627	63598671625,218	30015	20751	0	463	850	370	0
627	628	63598671625,222	30010	20725	0	466	850	370	0
628	629	63598671625,226	29988	20715	0	471	850	370	0
629	630	63598671625,23	29961	20715	0	469	860	270	0
630	631	63598671625,238	29931	20716	0	475	860	270	0
631	632	63598671625,242	29900	20752	0	487	860	270	0
632	633	63598671625,246	29870	20805	0	490	860	270	0
633	634	63598671625,25	29843	20881	0	476	860	270	0
634	635	63598671625,258	29820	20979	0	479	860	270	0
635	636	63598671625,262	29805	21100	0	485	860	270	0
636	637	63598671625,266	29800	21242	0	500	860	270	0
637	638	63598671625,27	29800	21400	0	515	860	270	0
638	639	63598671625,278	29809	21570	0	506	860	270	0
639	640	63598671625,282	29845	21743	0	492	850	370	0
640	641	63598671625,286	29897	21916	0	499	850	370	0
641	642	63598671625,29	29965	22083	0	505	850	370	0
642	643	63598671625,298	30050	22237	0	521	850	370	0
643	644	63598671625,302	30150	22374	0	528	840	310	0
644	645	63598671625,306	30266	22489	0	543	840	310	0
645	646	63598671625,31	30398	22582	0	519	840	310	0
646	647	63598671625,318	30543	22651	0	516	840	310	0
647	648	63598671625,322	30702	22696	0	485	830	270	0
648	649	63598671625,326	30871	22715	0	471	830	270	0
649	650	63598671625,334	31047	22715	0	458	830	270	0
650	651	63598671625,338	31227	22686	0	422	820	300	0
651	652	63598671625,342	31409	22620	0	437	820	230	0
652	653	63598671625,346	31591	22529	0	419	820	230	0
653	654	63598671625,354	31767	22411	0	419	810	200	0
654	655	63598671625,358	31935	22270	0	374	810	200	0
655	656	63598671625,362	32093	22107	24	398	810	200	0
656	657	63598671625,366	32238	21925	24	387	820	140	0
657	658	63598671625,374	32370	21728	0	375	820	140	0
658	659	63598671625,378	32487	21517	0	383	820	140	0
659	660	63598671625,382	32588	21302	0	391	820	140	0
660	661	63598671625,386	32675	21088	0	402	820	140	0
661	662	63598671625,394	32747	20884	0	412	830	160	0
662	663	63598671625,398	32805	20697	0	379	830	160	0
663	664	63598671625,402	32849	20529	0	406	830	160	0
664	665	63598671625,406	32881	20384	0	417	840	180	0
665	666	63598671625,414	32901	20264	0	446	840	180	0
666	667	63598671625,418	32909	20171	0	472	850	220	0
667	668	63598671625,422	32910	20099	0	495	840	310	0
668	669	63598671625,429	32910	20046	0	530	850	370	0
669	670	63598671625,435	32906	20007	0	551	850	370	0
670	671	63598671625,438	32888	19978	0	550	860	450	0
671	672	63598671625,442	32870	19957	0	557	850	530	0
672	673	63598671625,446	32853	19946	0	557	850	530	0
673	674	63598671625,454	32840	19943	0	549	860	630	0
674	675	63598671625,458	32832	19943	0	527	850	680	0
675	676	63598671625,462	32832	19943	0	506	850	680	0
676	677	63598671625,466	32832	19965	0	483	850	790	0
677	678	63598671625,475	32843	20008	0	464	850	790	0
678	679	63598671625,478	32878	20067	0	451	840	810	0
679	680	63598671625,482	32930	20140	0	445	840	810	0
680	681	63598671625,486	33001	20223	0	430	840	810	0
681	682	63598671625,494	33091	20312	0	441	840	810	0
682	683	63598671625,498	33201	20405	0	437	840	810	0
683	684	63598671625,502	33330	20492	0	435	850	790	0
684	685	63598671625,506	33479	20566	0	425	850	790	0
685	686	63598671625,514	33645	20622	0	414	850	680	0
686	687	63598671625,518	33826	20657	0	399	850	680	0
687	688	63598671625,522	34015	20669	0	381	840	590	0
688	689	63598671625,526	34206	20669	0	337	850	530	0
689	690	63598671625,534	34400	20640	0	281	840	450	0
690	691	63598671625,538	34590	20582	0	196	850	370	0
691	692	63598671625,542	34773	20504	0	192	850	370	0
692	693	63598671625,546	34943	20408	0	143	840	310	0
693	694	63598671625,554	35096	20296	0	136	850	220	0
694	695	63598671625,558	35227	20168	0	147	850	220	0
695	696	63598671625,562	35336	20023	0	165	850	110	0
696	697	63598671625,566	35423	19863	0	185	850	110	0
697	698	63598671625,574	35485	19686	0	203	850	110	0
698	699	63598671625,578	35522	19493	0	211	850	0	0
699	700	63598671625,582	35536	19283	0	257	850	0	0
700	701	63598671625,586	35536	19058	0	344	850	0	0
701	702	63598671625,594	35521	18819	0	310	860	0	0
702	703	63598671625,598	35477	18573	0	355	860	0	0
703	704	63598671625,602	35418	18331	0	368	870	0	0
704	705	63598671625,606	35347	18100	0	312	870	0	0
705	706	63598671625,614	35261	17887	0	311	880	0	0
706	707	63598671625,618	35165	17694	0	357	890	0	0
707	708	63598671625,622	35055	17525	0	409	890	0	0
708	709	63598671625,627	34930	17384	0	435	900	0	0
709	710	63598671625,634	34791	17274	0	448	900	0	0
710	711	63598671625,638	34637	17191	0	471	900	0	0
711	712	63598671625,642	34467	17132	0	498	890	900	0
712	713	63598671625,646	34282	17092	0	485	890	900	0
713	714	63598671625,654	34083	17072	0	508	890	900	0
714	715	63598671625,658	33869	17072	0	470	890	900	0
715	716	63598671625,662	33643	17072	0	470	890	900	0
716	717	63598671625,666	33409	17110	0	451	880	900	0
717	718	63598671625,674	33166	17162	0	448	880	900	0
718	719	63598671625,678	32918	17228	0	443	870	1080	0
719	720	63598671625,682	32668	17306	0	406	870	1080	0
720	721	63598671625,686	32419	17393	0	426	870	1080	0
721	722	63598671625,694	32175	17488	0	426	870	1080	0
722	723	63598671625,698	31941	17583	0	413	860	1040	0
723	724	63598671625,702	31720	17673	0	399	860	1040	0
724	725	63598671625,706	31515	17753	0	446	860	1040	0
725	726	63598671625,714	31331	17822	0	418	850	1010	0
726	727	63598671625,718	31171	17874	0	448	850	1120	0
727	728	63598671625,722	31037	17906	0	445	840	1080	0
728	729	63598671625,726	30927	17914	0	447	830	1060	0
729	730	63598671625,734	30841	17914	0	414	830	1060	0
730	731	63598671625,738	30779	17870	0	423	810	1100	0
731	732	63598671625,742	30739	17796	0	427	810	1080	0
732	733	63598671625,746	30717	17698	0	396	810	1080	0
733	734	63598671625,754	30711	17573	24	376	790	1120	0
734	735	63598671625,758	30711	17423	0	360	790	1120	0
735	736	63598671625,762	30711	17251	0	300	780	1100	0
736	737	63598671625,766	30724	17062	0	292	780	1100	0
737	738	63598671625,774	30739	16859	0	264	780	1140	0
738	739	63598671625,778	30751	16646	0	325	780	1140	0
739	740	63598671625,782	30754	16431	0	329	780	1140	0
740	741	63598671625,786	30754	16218	0	355	770	1120	0
741	742	63598671625,794	30742	16013	0	321	770	1120	0
742	743	63598671625,798	30703	15824	0	321	770	1160	0
743	744	63598671625,802	30645	15652	0	384	780	1180	0
744	745	63598671625,806	30568	15500	0	419	770	1220	0
745	746	63598671625,814	30474	15369	0	432	770	1220	0
746	747	63598671625,818	30360	15261	0	459	770	1260	0
747	748	63598671625,822	30230	15175	0	495	770	1290	0
748	749	63598671625,826	30083	15110	0	510	770	1320	0
749	750	63598671625,834	29919	15067	0	557	770	1320	0
750	751	63598671625,838	29740	15044	0	497	770	1350	0
751	752	63598671625,843	29546	15041	0	502	770	1350	0
752	753	63598671625,851	29340	15041	0	517	770	1350	0
753	754	63598671625,863	29121	15077	0	449	770	1350	0
754	755	63598671625,863	28892	15138	0	432	770	1350	0
755	756	63598671625,864	28651	15220	0	468	780	1380	0
756	757	63598671625,866	28402	15322	0	451	770	1410	0
757	758	63598671625,874	28146	15445	0	425	770	1410	0
758	759	63598671625,878	27885	15584	0	366	770	1410	0
759	760	63598671625,882	27623	15737	0	415	770	1410	0
760	761	63598671625,886	27361	15902	0	403	770	1410	0
761	762	63598671625,894	27103	16077	0	404	770	1380	0
762	763	63598671625,898	26853	16259	0	467	770	1380	0
763	764	63598671625,902	26611	16445	0	454	770	1380	0
764	765	63598671625,906	26383	16631	0	500	760	1350	0
765	766	63598671625,914	26170	16808	0	494	760	1350	0
766	767	63598671625,918	25977	16975	0	471	760	1350	0
767	768	63598671625,922	25804	17128	0	495	750	1320	0
768	769	63598671625,926	25654	17263	0	473	750	1320	0
769	770	63598671625,934	25526	17376	0	440	750	1320	0
770	771	63598671625,938	25420	17466	0	400	760	1290	0
771	772	63598671625,942	25335	17532	0	393	750	1270	0
772	773	63598671625,946	25270	17571	0	358	750	1270	0
773	774	63598671625,954	25219	17588	0	354	750	1270	0
774	775	63598671625,958	25181	17588	0	316	750	1270	0
775	776	63598671625,962	25152	17572	0	291	750	1270	0
776	777	63598671625,966	25130	17523	0	284	740	1240	0
777	778	63598671625,974	25110	17459	0	256	740	1240	0
778	779	63598671625,978	25089	17382	0	218	740	1240	0
779	780	63598671625,982	25062	17297	0	196	740	1240	0
780	781	63598671625,986	25028	17206	0	235	740	1240	0
781	782	63598671625,994	24986	17114	0	278	740	1240	0
782	783	63598671625,998	24933	17026	0	288	740	1240	0
783	784	63598671626,002	24870	16946	0	331	740	1240	0
784	785	63598671626,006	24796	16878	0	345	740	1240	0
785	786	63598671626,014	24711	16822	0	320	740	1220	0
786	787	63598671626,018	24617	16782	0	368	740	1220	0
787	788	63598671626,022	24515	16757	0	377	740	1220	0
788	789	63598671626,026	24402	16750	0	377	740	1220	0
789	790	63598671626,034	24281	16750	0	423	740	1190	0
790	791	63598671626,038	24153	16775	0	435	740	1190	0
791	792	63598671626,042	24017	16828	0	434	740	1190	0
792	793	63598671626,046	23873	16903	0	410	740	1190	0
793	794	63598671626,054	23725	17000	0	419	730	1180	0
794	795	63598671626,059	23573	17118	0	406	740	1150	0
795	796	63598671626,062	23415	17258	0	436	740	1150	0
796	797	63598671626,066	23255	17422	0	432	740	1150	0
797	798	63598671626,074	23093	17605	0	395	740	1150	0
798	799	63598671626,078	22931	17810	0	385	730	1130	0
799	800	63598671626,082	22769	18035	0	404	730	1130	0
800	801	63598671626,086	22609	18277	0	402	730	1130	0
801	802	63598671626,094	22451	18533	0	407	730	1130	0
802	803	63598671626,098	22296	18799	0	435	720	1120	0
803	804	63598671626,102	22151	19068	0	446	720	1120	0
804	805	63598671626,106	22015	19334	0	483	720	1120	0
805	806	63598671626,114	21895	19591	0	510	720	1120	0
806	807	63598671626,118	21794	19834	0	476	720	1120	0
807	808	63598671626,122	21712	20057	0	480	710	1080	0
808	809	63598671626,127	21651	20254	0	466	710	1080	0
809	810	63598671626,134	21615	20427	0	456	710	1080	0
810	811	63598671626,138	21599	20569	0	437	710	1080	0
811	812	63598671626,142	21599	20684	0	431	710	1050	0
812	813	63598671626,146	21610	20771	0	402	710	1050	0
813	814	63598671626,154	21651	20833	0	382	720	1020	0
814	815	63598671626,158	21701	20869	0	348	720	990	0
815	816	63598671626,162	21758	20880	0	297	720	990	0
816	817	63598671626,166	21819	20880	0	259	720	960	0
817	818	63598671626,174	21880	20858	0	261	720	960	0
818	819	63598671626,178	21938	20809	0	256	730	930	0
819	820	63598671626,182	21990	20743	0	255	730	930	0
820	821	63598671626,186	22036	20664	0	248	730	930	0
821	822	63598671626,194	22072	20574	0	243	730	930	0
822	823	63598671626,198	22100	20480	0	221	730	930	0
823	824	63598671626,202	22119	20387	0	206	730	930	0
824	825	63598671626,206	22128	20298	0	197	730	930	0
825	826	63598671626,214	22131	20219	0	209	730	930	0
826	827	63598671626,218	22131	20153	0	211	730	930	0
827	828	63598671626,222	22131	20102	0	217	730	930	0
828	829	63598671626,226	22111	20071	0	225	720	930	0
829	830	63598671626,234	22083	20061	0	254	720	960	0
830	831	63598671626,238	22049	20061	0	290	720	960	0
831	832	63598671626,242	22008	20087	0	334	720	960	0
832	833	63598671626,246	21964	20148	0	339	720	990	0
833	834	63598671626,254	21914	20230	0	346	720	990	0
834	835	63598671626,258	21861	20339	0	354	720	990	0
835	836	63598671626,262	21806	20477	0	362	720	990	0
836	837	63598671626,266	21753	20644	0	363	710	990	0
837	838	63598671626,274	21703	20836	0	381	710	990	0
838	839	63598671626,278	21656	21053	0	386	720	990	0
839	840	63598671626,282	21614	21292	0	366	720	990	0
840	841	63598671626,286	21577	21547	0	404	720	990	0
841	842	63598671626,294	21547	21819	0	412	720	990	0
842	843	63598671626,298	21527	22104	0	383	720	960	0
843	844	63598671626,302	21514	22394	0	423	720	960	0
844	845	63598671626,306	21514	22684	0	443	720	960	0
845	846	63598671626,314	21514	22975	0	414	720	930	0
846	847	63598671626,318	21530	23259	0	411	720	930	0
847	848	63598671626,322	21565	23529	0	459	720	900	0
848	849	63598671626,326	21615	23779	0	443	720	900	0
849	850	63598671626,334	21678	24003	0	444	720	900	0
850	851	63598671626,338	21752	24194	0	434	720	900	0
851	852	63598671626,342	21838	24352	0	393	720	900	0
852	853	63598671626,346	21932	24476	0	425	720	870	0
853	854	63598671626,354	22034	24559	0	394	720	870	0
854	855	63598671626,358	22146	24604	0	380	720	840	0
855	856	63598671626,362	22263	24614	0	383	720	840	0
856	857	63598671626,366	22385	24611	0	375	720	810	0
857	858	63598671626,374	22512	24559	0	381	720	810	0
858	859	63598671626,378	22641	24478	0	386	720	780	0
859	860	63598671626,382	22772	24373	0	397	720	780	0
860	861	63598671626,386	22903	24245	0	401	720	780	0
861	862	63598671626,394	23034	24105	0	395	720	780	0
862	863	63598671626,398	23164	23957	0	389	730	770	0
863	864	63598671626,402	23294	23807	0	389	730	770	0
864	865	63598671626,406	23420	23662	0	389	730	770	0
865	866	63598671626,414	23541	23527	0	391	730	770	0
866	867	63598671626,418	23657	23407	0	396	730	770	0
867	868	63598671626,422	23770	23305	0	410	730	770	0
868	869	63598671626,426	23877	23224	0	418	740	760	0
869	870	63598671626,434	23977	23161	0	423	740	760	0
870	871	63598671626,438	24071	23112	0	427	740	760	0
871	872	63598671626,442	24162	23077	0	435	750	750	0
872	873	63598671626,45	24251	23052	0	449	750	750	0
873	874	63598671626,455	24341	23034	0	447	750	750	0
874	875	63598671626,459	24434	23022	0	447	750	750	0
875	876	63598671626,462	24533	23015	0	453	750	740	0
876	877	63598671626,472	24637	23007	0	459	750	740	0
877	878	63598671626,475	24750	23001	0	463	750	740	0
878	879	63598671626,478	24868	22997	0	462	750	740	0
879	880	63598671626,482	24993	22992	0	467	750	710	0
880	881	63598671626,49	25123	22986	0	485	750	710	0
881	882	63598671626,494	25260	22981	0	496	750	710	0
882	883	63598671626,498	25401	22975	0	489	760	690	0
883	884	63598671626,502	25545	22966	0	506	760	690	0
884	885	63598671626,51	25692	22954	0	511	760	660	0
885	886	63598671626,514	25841	22939	0	504	760	660	0
886	887	63598671626,518	25991	22921	0	497	760	660	0
887	888	63598671626,522	26142	22904	0	502	770	640	0
888	889	63598671626,53	26292	22890	0	496	770	640	0
889	890	63598671626,535	26440	22878	0	492	770	640	0
890	891	63598671626,538	26585	22871	0	469	780	620	0
891	892	63598671626,542	26727	22871	0	473	780	620	0
892	893	63598671626,55	26861	22871	0	488	780	620	0
893	894	63598671626,554	26990	22873	0	477	780	590	0
894	895	63598671626,558	27116	22898	0	477	780	590	0
895	896	63598671626,562	27239	22930	0	477	790	560	0
896	897	63598671626,57	27358	22964	0	503	790	560	0
897	898	63598671626,574	27476	22999	0	499	790	560	0
898	899	63598671626,578	27594	23033	0	495	800	530	0
899	900	63598671626,582	27714	23067	0	511	800	530	0
900	901	63598671626,59	27838	23096	0	515	790	490	0
901	902	63598671626,594	27966	23121	0	524	800	450	0
902	903	63598671626,598	28095	23138	0	526	800	450	0
903	904	63598671626,602	28227	23147	0	530	800	450	0
904	905	63598671626,61	28359	23149	0	548	800	370	0
905	906	63598671626,614	28491	23149	0	541	800	370	0
906	907	63598671626,618	28621	23149	0	541	800	370	0
907	908	63598671626,622	28747	23149	0	543	790	340	0
908	909	63598671626,63	28871	23148	0	544	800	290	0
909	910	63598671626,634	28990	23148	0	535	800	290	0
910	911	63598671626,638	29107	23148	0	536	790	260	0
911	912	63598671626,644	29221	23152	0	552	790	260	0
912	913	63598671626,65	29334	23183	0	557	790	260	0
913	914	63598671626,654	29446	23228	0	568	790	220	0
914	915	63598671626,658	29559	23284	0	569	790	220	0
915	916	63598671626,662	29674	23351	0	580	780	200	0
916	917	63598671626,671	29790	23424	0	595	780	200	0
917	918	63598671626,674	29908	23500	0	597	780	200	0
918	919	63598671626,678	30028	23573	0	623	790	220	0
919	920	63598671626,682	30151	23636	0	582	800	170	0
920	921	63598671626,69	30281	23685	0	596	800	170	0
921	922	63598671626,694	30420	23715	0	575	800	170	0
922	923	63598671626,698	30565	23728	0	552	800	170	0
923	924	63598671626,702	30720	23728	0	511	810	180	0
924	925	63598671626,71	30885	23695	0	476	810	120	0
925	926	63598671626,714	31058	23630	0	466	810	120	0
926	927	63598671626,718	31241	23542	0	436	810	120	0
927	928	63598671626,722	31434	23432	0	445	810	120	0
928	929	63598671626,73	31627	23302	0	487	810	120	0
929	930	63598671626,734	31820	23155	0	464	820	70	0
930	931	63598671626,738	32011	22994	0	438	820	70	0
931	932	63598671626,742	32194	22827	0	441	820	70	0
932	933	63598671626,75	32370	22661	0	457	820	0	0
933	934	63598671626,754	32534	22496	0	422	820	0	0
934	935	63598671626,758	32685	22337	0	436	820	0	0
935	936	63598671626,762	32819	22189	0	437	820	0	0
936	937	63598671626,77	32940	22055	0	450	820	0	0
937	938	63598671626,774	33046	21938	0	447	820	0	0
938	939	63598671626,778	33137	21834	0	445	820	0	0
939	940	63598671626,782	33217	21739	0	458	820	0	0
940	941	63598671626,79	33285	21652	0	460	820	0	0
941	942	63598671626,794	33344	21568	0	469	830	0	0
942	943	63598671626,798	33396	21480	0	467	830	0	0
943	944	63598671626,802	33446	21380	0	470	830	0	0
944	945	63598671626,81	33496	21260	0	479	840	0	0
945	946	63598671626,814	33547	21117	0	467	840	0	0
946	947	63598671626,818	33608	20952	0	435	840	0	0
947	948	63598671626,822	33679	20765	0	450	840	0	0
948	949	63598671626,83	33766	20556	0	417	850	0	0
949	950	63598671626,834	33870	20329	0	371	850	0	0
950	951	63598671626,838	33990	20099	0	369	860	0	0
951	952	63598671626,842	34122	19875	0	339	860	0	0
952	953	63598671626,85	34262	19671	0	375	860	0	0
953	954	63598671626,854	34406	19495	0	351	860	0	0
954	955	63598671626,858	34545	19352	0	341	870	0	0
955	956	63598671626,862	34672	19242	0	384	870	0	0
956	957	63598671626,87	34783	19173	0	384	870	0	0
957	958	63598671626,874	34872	19150	0	436	860	0	0
958	959	63598671626,878	34941	19151	0	444	860	0	0
959	960	63598671626,883	34988	19211	0	480	860	0	0
960	961	63598671626,89	35018	19307	0	484	860	0	0
961	962	63598671626,894	35032	19436	0	460	870	0	0
962	963	63598671626,898	35034	19592	0	496	870	0	0
963	964	63598671626,902	35034	19772	0	530	870	180	0
964	965	63598671626,91	35034	19969	0	515	870	180	0
965	966	63598671626,914	35030	20171	0	489	870	180	0
966	967	63598671626,918	35025	20367	0	464	870	180	0
967	968	63598671626,922	35025	20552	0	412	860	140	0
968	969	63598671626,93	35025	20717	0	365	860	140	0
969	970	63598671626,934	35056	20857	0	313	850	110	0
970	971	63598671626,938	35107	20968	0	306	850	110	0
971	972	63598671626,942	35178	21049	0	266	840	90	0
972	973	63598671626,95	35269	21096	0	195	840	180	0
973	974	63598671626,956	35378	21112	0	160	830	160	0
974	975	63598671626,958	35503	21112	0	121	830	80	0
975	976	63598671626,962	35643	21073	0	144	820	70	0
976	977	63598671626,97	35791	21002	0	120	820	70	0
977	978	63598671626,974	35943	20911	0	114	820	70	0
978	979	63598671626,978	36093	20805	0	147	810	60	0
979	980	63598671626,982	36239	20689	0	146	810	0	0
980	981	63598671626,99	36376	20570	0	185	800	0	0
981	982	63598671626,994	36502	20453	0	176	800	0	0
982	983	63598671626,998	36616	20341	0	244	800	0	0
983	984	63598671627,002	36714	20235	0	282	800	0	0
984	985	63598671627,01	36797	20137	0	335	800	0	0
985	986	63598671627,014	36866	20046	0	378	810	0	0
986	987	63598671627,018	36922	19955	0	400	810	0	0
987	988	63598671627,022	36968	19859	0	430	820	0	0
988	989	63598671627,03	37009	19752	0	453	820	0	0
989	990	63598671627,034	37045	19629	0	459	830	3520	0
990	991	63598671627,037	37080	19484	0	460	840	0	0
991	992	63598671627,042	37118	19315	0	464	840	0	0
992	993	63598671627,05	37161	19120	0	445	850	0	0
993	994	63598671627,054	37211	18897	0	458	850	0	0
994	995	63598671627,06	37272	18650	0	416	860	0	0
995	996	63598671627,062	37341	18392	0	345	860	0	0
996	997	63598671627,07	37417	18131	0	350	870	0	0
997	998	63598671627,074	37495	17874	0	338	870	0	0
998	999	63598671627,078	37574	17636	0	327	880	0	0
999	1000	63598671627,082	37645	17419	0	288	880	0	0
1000	1001	63598671627,091	37705	17233	0	303	890	0	0
1001	1002	63598671627,094	37748	17079	0	345	890	0	0
1002	1003	63598671627,099	37768	16958	0	365	890	0	0
1003	1004	63598671627,102	37768	16862	0	402	890	0	0
1004	1005	63598671627,11	37743	16789	0	435	900	0	0
1005	1006	63598671627,114	37676	16736	0	444	900	0	0
1006	1007	63598671627,118	37578	16699	0	451	900	0	0
1007	1008	63598671627,122	37450	16675	0	449	900	0	0
1008	1009	63598671627,13	37294	16663	0	475	900	0	0
1009	1010	63598671627,134	37111	16661	0	467	900	0	0
1010	1011	63598671627,138	36904	16661	0	452	900	0	0
1011	1012	63598671627,142	36680	16667	0	448	900	0	0
1012	1013	63598671627,15	36440	16695	0	461	900	0	0
1013	1014	63598671627,154	36189	16729	0	442	900	0	0
1014	1015	63598671627,158	35933	16767	0	455	900	0	0
1015	1016	63598671627,163	35677	16805	0	463	900	0	0
1016	1017	63598671627,17	35428	16839	0	463	900	0	0
1017	1018	63598671627,174	35190	16864	0	477	900	0	0
1018	1019	63598671627,178	34966	16880	0	460	900	0	0
1019	1020	63598671627,182	34760	16883	0	461	900	0	0
1020	1021	63598671627,19	34571	16883	0	446	890	900	0
1021	1022	63598671627,194	34406	16863	0	431	890	900	0
1022	1023	63598671627,197	34260	16818	0	458	890	900	0
1023	1024	63598671627,202	34130	16756	0	425	880	900	0
1024	1025	63598671627,21	34011	16681	0	425	880	900	0
1025	1026	63598671627,213	33900	16595	0	405	880	900	0
1026	1027	63598671627,217	33792	16500	0	400	880	900	0
1027	1028	63598671627,222	33683	16400	0	380	870	1080	0
1028	1029	63598671627,23	33568	16299	0	366	870	1080	0
1029	1030	63598671627,234	33440	16197	0	353	860	1240	0
1030	1031	63598671627,238	33298	16100	0	312	860	1170	0
1031	1032	63598671627,242	33142	16008	0	354	850	1270	0
1032	1033	63598671627,25	32970	15921	0	357	850	1270	0
1033	1034	63598671627,253	32782	15843	0	338	840	1290	0
1034	1035	63598671627,258	32580	15773	0	296	830	1350	0
1035	1036	63598671627,262	32366	15711	0	342	830	1350	0
1036	1037	63598671627,27	32143	15660	0	360	820	1400	0
1037	1038	63598671627,274	31915	15615	0	378	810	1390	0
1038	1039	63598671627,278	31686	15578	0	347	810	1390	0
1039	1040	63598671627,282	31458	15551	0	393	790	1390	0
1040	1041	63598671627,29	31235	15534	0	397	790	1420	0
1041	1042	63598671627,294	31021	15525	0	388	790	1420	0
1042	1043	63598671627,297	30818	15523	0	415	770	1410	0
1043	1044	63598671627,302	30630	15523	0	464	770	1410	0
1044	1045	63598671627,31	30457	15523	0	474	760	1410	0
1045	1046	63598671627,314	30299	15525	0	482	760	1410	0
1046	1047	63598671627,318	30156	15544	0	495	760	1410	0
1047	1048	63598671627,322	30024	15570	0	525	750	1400	0
1048	1049	63598671627,33	29903	15603	0	526	750	1400	0
1049	1050	63598671627,333	29788	15645	0	504	750	1400	0
1050	1051	63598671627,338	29679	15698	0	497	750	1400	0
1051	1052	63598671627,342	29569	15763	0	496	740	1380	0
1052	1053	63598671627,35	29456	15838	0	497	730	1400	0
1053	1054	63598671627,354	29340	15923	0	475	740	1380	0
1054	1055	63598671627,357	29222	16014	0	438	740	1380	0
1055	1056	63598671627,362	29104	16105	0	422	730	1350	0
1056	1057	63598671627,37	28991	16190	0	401	730	1350	0
1057	1058	63598671627,374	28885	16264	0	335	730	1350	0
1058	1059	63598671627,378	28791	16320	0	288	730	1300	0
1059	1060	63598671627,382	28714	16353	0	218	730	1300	0
1060	1061	63598671627,39	28657	16361	0	245	730	1300	0
1061	1062	63598671627,394	28623	16357	0	204	740	1270	0
1062	1063	63598671627,398	28615	16302	0	216	730	1250	0
1063	1064	63598671627,402	28615	16215	0	228	730	1250	0
1064	1065	63598671627,41	28644	16102	0	232	730	1250	0
1065	1066	63598671627,414	28694	15965	0	247	720	1230	0
1066	1067	63598671627,418	28753	15807	0	230	720	1230	0
1067	1068	63598671627,422	28818	15634	0	271	720	1230	0
1068	1069	63598671627,43	28880	15448	0	274	720	1230	0
1069	1070	63598671627,433	28932	15260	0	296	720	1230	0
1070	1071	63598671627,438	28968	15075	0	302	710	1220	0
1071	1072	63598671627,442	28984	14896	0	324	710	1220	0
1072	1073	63598671627,45	28984	14728	0	318	710	1220	0
1073	1074	63598671627,454	28966	14578	0	316	710	1220	0
1074	1075	63598671627,457	28910	14447	0	323	710	1220	0
1075	1076	63598671627,462	28831	14339	0	336	710	1240	0
1076	1077	63598671627,47	28731	14255	0	405	710	1240	0
1077	1078	63598671627,475	28611	14193	0	453	710	1280	0
1078	1079	63598671627,478	28473	14152	0	459	710	1280	0
1079	1080	63598671627,482	28323	14133	0	471	710	1310	0
1080	1081	63598671627,49	28163	14130	0	467	710	1310	0
1081	1082	63598671627,494	27995	14130	0	470	710	1310	0
1082	1083	63598671627,498	27823	14150	0	488	700	1330	0
1083	1084	63598671627,502	27645	14191	0	504	700	1330	0
1084	1085	63598671627,51	27465	14244	0	534	700	1330	0
1085	1086	63598671627,515	27284	14306	0	502	700	1330	0
1086	1087	63598671627,518	27103	14378	0	522	690	1350	0
1087	1088	63598671627,522	26922	14458	0	508	690	1350	0
1088	1089	63598671627,53	26740	14546	0	524	700	1330	0
1089	1090	63598671627,534	26555	14643	0	475	700	1330	0
1090	1091	63598671627,538	26367	14746	0	470	700	1330	0
1091	1092	63598671627,542	26177	14853	0	473	690	1310	0
1092	1093	63598671627,549	25986	14964	0	489	690	1310	0
1093	1094	63598671627,554	25792	15080	0	431	700	1290	0
1094	1095	63598671627,557	25593	15199	0	428	700	1290	0
1095	1096	63598671627,562	25387	15321	0	379	690	1270	0
1096	1097	63598671627,57	25179	15444	0	368	690	1270	0
1097	1098	63598671627,573	24972	15565	0	359	690	1270	0
1098	1099	63598671627,578	24763	15683	0	352	690	1270	0
1099	1100	63598671627,581	24554	15797	0	363	680	1250	0
1100	1101	63598671627,59	24348	15906	0	345	680	1250	0
1101	1102	63598671627,594	24145	16006	0	380	680	1250	0
1102	1103	63598671627,597	23953	16096	0	320	670	1240	0
1103	1104	63598671627,605	23771	16174	0	379	670	1240	0
1104	1105	63598671627,61	23603	16237	0	389	670	1240	0
1105	1106	63598671627,613	23449	16283	0	353	670	1240	0
1106	1107	63598671627,618	23313	16312	0	347	670	1240	0
1107	1108	63598671627,626	23197	16323	0	388	670	1220	0
1108	1109	63598671627,629	23100	16323	0	401	670	1220	0
1109	1110	63598671627,634	23023	16321	0	400	670	1220	0
1110	1111	63598671627,637	22962	16289	0	368	670	1220	0
1111	1112	63598671627,646	22918	16246	0	390	670	1220	0
1112	1113	63598671627,65	22884	16196	0	411	670	1220	0
1113	1114	63598671627,653	22859	16143	0	404	660	1210	0
1114	1115	63598671627,658	22839	16091	0	389	660	1210	0
1115	1116	63598671627,666	22822	16043	0	378	660	1210	0
1116	1117	63598671627,669	22802	15999	0	377	660	1210	0
1117	1118	63598671627,674	22778	15963	0	366	660	1210	0
1118	1119	63598671627,678	22747	15938	0	364	660	1210	0
1119	1120	63598671627,686	22708	15926	0	371	660	1210	0
1120	1121	63598671627,689	22658	15926	0	362	660	1210	0
1121	1122	63598671627,693	22599	15931	0	346	660	1210	0
1122	1123	63598671627,698	22529	15966	0	336	650	1230	0
1123	1124	63598671627,706	22450	16018	0	342	650	1220	0
1124	1125	63598671627,709	22360	16088	0	326	650	1220	0
1125	1126	63598671627,714	22262	16176	0	317	650	1220	0
1126	1127	63598671627,719	22156	16282	0	313	650	1220	0
1127	1128	63598671627,726	22044	16407	0	309	650	1220	0
1128	1129	63598671627,73	21929	16552	0	310	650	1220	0
1129	1130	63598671627,734	21810	16714	24	299	650	1220	0
1130	1131	63598671627,737	21692	16890	0	330	650	1200	0
1131	1132	63598671627,746	21575	17086	0	349	650	1200	0
1132	1133	63598671627,75	21461	17299	0	380	650	1200	0
1133	1134	63598671627,754	21350	17527	0	366	650	1200	0
1134	1135	63598671627,758	21244	17769	0	378	650	1180	0
1135	1136	63598671627,766	21144	18023	0	384	650	1180	0
1136	1137	63598671627,77	21047	18284	0	380	660	1160	0
1137	1138	63598671627,774	20958	18545	0	386	660	1160	0
1138	1139	63598671627,778	20875	18808	0	335	660	1140	0
1139	1140	63598671627,786	20798	19059	0	360	660	1140	0
1140	1141	63598671627,792	20731	19294	0	345	670	1110	0
1141	1142	63598671627,794	20674	19507	0	343	670	1110	0
1142	1143	63598671627,798	20627	19690	0	354	660	1080	0
1143	1144	63598671627,806	20593	19840	0	338	660	1080	0
1144	1145	63598671627,81	20569	19955	0	338	660	1060	0
1145	1146	63598671627,814	20558	20040	0	317	660	1060	0
1146	1147	63598671627,818	20557	20092	0	318	650	1050	0
1147	1148	63598671627,826	20557	20115	0	306	650	1030	0
1148	1149	63598671627,83	20565	20115	0	273	650	1030	0
1149	1150	63598671627,834	20589	20094	0	230	650	1030	0
1150	1151	63598671627,838	20620	20033	0	230	660	1010	0
1151	1152	63598671627,846	20652	19949	0	242	650	1010	0
1152	1153	63598671627,849	20688	19844	0	235	650	1010	0
1153	1154	63598671627,854	20723	19719	0	220	650	1010	0
1154	1155	63598671627,858	20755	19582	0	205	650	1010	0
1155	1156	63598671627,865	20782	19440	0	197	650	1010	0
1156	1157	63598671627,869	20803	19306	0	202	650	1010	0
1157	1158	63598671627,873	20818	19187	0	215	650	1010	0
1158	1159	63598671627,878	20824	19089	0	208	650	1010	0
1159	1160	63598671627,885	20824	19015	0	227	650	1010	0
1160	1161	63598671627,89	20824	18969	0	251	650	1010	0
1161	1162	63598671627,894	20798	18956	0	257	650	1010	0
1162	1163	63598671627,897	20763	18958	0	286	650	1010	0
1163	1164	63598671627,906	20719	19012	0	317	650	1010	0
1164	1165	63598671627,91	20669	19096	0	302	650	1010	0
1165	1166	63598671627,914	20611	19208	0	297	650	1010	0
1166	1167	63598671627,918	20548	19352	0	304	650	1010	0
1167	1168	63598671627,926	20483	19527	0	329	650	1010	0
1168	1169	63598671627,93	20417	19732	0	338	650	1010	0
1169	1170	63598671627,934	20352	19964	0	281	650	1010	0
1170	1171	63598671627,938	20288	20223	0	321	650	990	0
1171	1172	63598671627,946	20228	20504	0	333	650	990	0
1172	1173	63598671627,95	20170	20806	0	339	650	990	0
1173	1174	63598671627,954	20116	21126	0	327	650	990	0
1174	1175	63598671627,958	20068	21462	0	369	650	990	0
1175	1176	63598671627,966	20026	21811	0	353	640	960	0
1176	1177	63598671627,969	19991	22170	0	354	650	960	0
1177	1178	63598671627,973	19965	22532	0	357	650	960	0
1178	1179	63598671627,978	19945	22888	0	355	650	940	0
1179	1180	63598671627,985	19936	23235	0	362	650	940	0
1180	1181	63598671627,989	19936	23566	0	350	650	940	0
1181	1182	63598671627,994	19936	23874	0	350	660	920	0
1182	1183	63598671627,999	19946	24151	0	364	660	920	0
1183	1184	63598671628,005	19974	24394	0	359	660	900	0
1184	1185	63598671628,01	20009	24597	0	369	660	900	0
1185	1186	63598671628,013	20050	24761	0	364	660	880	0
1186	1187	63598671628,017	20098	24886	0	358	670	880	0
1187	1188	63598671628,026	20154	24974	0	348	670	850	0
1188	1189	63598671628,029	20219	25026	0	348	670	830	0
1189	1190	63598671628,033	20292	25046	0	328	670	830	0
1190	1191	63598671628,037	20375	25046	0	317	670	810	0
1191	1192	63598671628,045	20469	25031	0	321	670	780	0
1192	1193	63598671628,049	20576	24987	0	328	670	780	0
1193	1194	63598671628,053	20694	24934	0	319	660	760	0
1194	1195	63598671628,057	20824	24879	0	319	650	770	0
1195	1196	63598671628,066	20965	24827	0	319	650	770	0
1196	1197	63598671628,069	21117	24787	0	321	650	770	0
1197	1198	63598671628,073	21281	24760	0	319	660	740	0
1198	1199	63598671628,077	21454	24752	0	324	660	740	0
1199	1200	63598671628,085	21633	24752	0	325	660	740	0
1200	1201	63598671628,089	21821	24785	0	321	660	740	0
1201	1202	63598671628,093	22017	24846	0	322	660	740	0
1202	1203	63598671628,098	22222	24927	0	324	660	740	0
1203	1204	63598671628,105	22432	25023	0	319	670	730	0
1204	1205	63598671628,109	22647	25131	0	326	670	730	0
1205	1206	63598671628,113	22866	25248	0	326	670	730	0
1206	1207	63598671628,118	23090	25368	0	277	680	700	0
1207	1208	63598671628,126	23319	25484	0	313	680	700	0
1208	1209	63598671628,131	23548	25591	0	303	690	690	0
1209	1210	63598671628,135	23776	25685	0	289	690	690	0
1210	1211	63598671628,138	24004	25764	0	272	690	690	0
1211	1212	63598671628,146	24233	25827	0	270	700	680	0
1212	1213	63598671628,152	24464	25870	0	280	700	680	0
1213	1214	63598671628,154	24699	25897	0	297	710	670	0
1214	1215	63598671628,158	24937	25907	0	293	710	670	0
1215	1216	63598671628,166	25182	25907	0	319	710	670	0
1216	1217	63598671628,17	25435	25907	0	330	710	670	0
1217	1218	63598671628,174	25694	25878	0	326	710	650	0
1218	1219	63598671628,178	25963	25841	0	338	710	650	0
1219	1220	63598671628,186	26239	25797	0	352	720	640	0
1220	1221	63598671628,189	26521	25746	0	357	720	640	0
1221	1222	63598671628,194	26808	25688	0	352	730	620	0
1222	1223	63598671628,197	27100	25624	0	348	730	620	0
1223	1224	63598671628,206	27389	25555	0	341	740	610	0
1224	1225	63598671628,21	27675	25480	0	326	740	610	0
1225	1226	63598671628,213	27951	25400	0	254	750	590	0
1226	1227	63598671628,217	28210	25314	0	177	750	590	0
1227	1228	63598671628,226	28448	25224	24	13	760	570	0
1228	1229	63598671628,229	28448	25224	24	0	750	530	0
1229	1230	63598671628,233	28836	25038	40	0	760	510	0
1230	1231	63598671628,237	28974	24943	112	0	750	480	0
1231	1232	63598671628,245	28999	24849	196	0	760	450	0
1232	1233	63598671628,249	29132	24759	296	0	750	420	0
1233	1234	63598671628,254	29132	24759	397	0	750	420	0
